nodes 236 segs 262 blocks 27 lots 115 buildings 86 districts 16 streets 6
N -331937 -66601
N -272686 -267076
N -139379 -318581
N -30898 -302522
N 201201 -301796
N 292139 -203565
N 342356 113941
N 212445 286285
N 96989 312228
N -145395 320792
N -292970 135312
N 97531 -323927
N 262998 183782
N 18396 -33467
N 162022 83511
N 42019 153157
N 322334 -12333
N 116247 45671
N 144858 -36409
N 43289 -88287
N 300911 -158928
N 62822 -212574
N 123005 -118818
N -77540 -312581
N -49707 -69045
N 52095 -122792
N -47221 -140303
N -99020 -138651
N -84778 -203976
N -45023 29026
N -324256 26164
N -106397 223859
N -79120 163007
N 236835 -24200
N 209521 122795
N -86348 -259234
N -148426 -183431
N -164023 40698
N -163463 -77593
N -184486 -212586
N -274882 -63622
N -52094 72080
N -320497 -110327
N -300470 -146372
N -294773 -175032
N -296871 -199073
N -286576 -232664
N -329381 -35934
N -327067 -3983
N -309214 -71997
N -239937 -273458
N -212199 -285263
N -187813 -299642
N -164856 -309835
N -248329 -249579
N -228595 -235769
N -207178 -228034
N -108610 -317629
N -144199 -288803
N -146996 -264846
N -149859 -240728
N -150368 -211430
N -2625 -300242
N 32344 -301078
N 59554 -302592
N 79253 -313343
N -50716 -308101
N 222947 -276690
N 247601 -255426
N 267265 -231153
N 180684 -309919
N 154044 -318277
N 125058 -323984
N 184474 -268858
N 166634 -239766
N 148894 -220134
N 135835 -200369
N 127719 -165217
N 296702 -178114
N 322893 133402
N 301064 153409
N 279863 166142
N 337468 75000
N 337011 40222
N 331688 8509
N 172377 284749
N 137846 286225
N 115290 297652
N 231311 263504
N 241431 235307
N 249561 205953
N 181632 258252
N 140732 230483
N 107677 208438
N 82478 187038
N 63621 171713
N 63066 317035
N 19470 314971
N -25678 310293
N -65615 311231
N -106819 313200
N 80513 273915
N 62453 238946
N 49511 208836
N 44214 181313
N 69329 294998
N 41146 285482
N -1063 269724
N -48936 255517
N -86256 236646
N -165059 297601
N -186010 266654
N -221896 224817
N -258402 184617
N -282671 159465
N -138291 300932
N -128582 280541
N -117044 252401
N -297369 104973
N -309001 76954
N -319999 51633
N -267108 115647
N -223203 114039
N -172274 117668
N -136631 111446
N -93836 98078
N 79294 -303729
N 68992 -276369
N 65245 -245064
N 243597 159936
N 225581 140339
N 13451 1070
N 3699 21683
N 8075 46127
N 25287 82011
N 33936 120917
N 34100 -5806
N 47764 8732
N 70826 14939
N 96033 27831
N 46614 -22103
N 73685 -22591
N 109636 -30034
N 35141 -58948
N -10630 -56992
N -2641 -15619
N -25961 984
N 139123 99100
N 114790 113593
N 92844 129956
N 70426 145926
N 136887 64775
N 187648 101658
N 6299 141776
N -25522 135694
N -48672 140850
N -68333 154119
N 318280 -34135
N 316762 -65579
N 313552 -97581
N 311554 -126052
N 308026 -144874
N 301413 -9139
N 274401 -13946
N 125729 8765
N 138293 -21088
N 118458 -43587
N 89173 -56207
N 64046 -69786
N 166263 -36439
N 175349 -36385
N 182597 -36878
N 202966 -32882
N 65068 -96128
N 90464 -107239
N 276055 -158550
N 255755 -150139
N 224791 -149110
N 185383 -147666
N 152941 -137411
N 295337 -148379
N 290822 -130020
N 281670 -102902
N 270910 -72213
N 255881 -46025
N 75658 -180897
N 93723 -150928
N 58242 -183445
N 55282 -153060
N 45650 -220645
N 25270 -220758
N -5328 -218292
N -38801 -223903
N -65867 -238377
N -79089 -285794
N -44782 -100646
N -70206 -84270
N -84273 -108889
N -83282 -64390
N -113921 -69391
N -140759 -77405
N 38465 -133656
N 14253 -139039
N -16440 -138342
N -64307 -172776
N -84912 -157377
N -84992 -180861
N -121246 -163940
N -91535 -232753
N -71287 32569
N -103731 39525
N -131678 43830
N -150693 43211
N -302539 21917
N -267653 24732
N -223400 31573
N -185497 37845
N -94941 192629
N -63457 135606
N -55123 105197
N 234213 2626
N 234141 33785
N 226317 59682
N 215289 80462
N 211977 100285
N -165473 7504
N -166209 -20688
N -166685 -46916
N -181881 -62278
N -203592 -48108
N -236952 -50405
N -204166 -183647
N -214724 -152921
N -217615 -124254
N -225668 -99922
N -246865 -80760
S 0 42 0
S 0 47 0
S 0 49 1
S 1 46 0
S 1 50 0
S 1 54 1
S 2 53 0
S 2 57 0
S 2 58 3
S 3 62 0
S 3 66 0
S 4 67 0
S 4 70 0
S 4 73 3
S 5 69 0
S 5 78 0
S 6 79 0
S 6 82 0
S 7 85 0
S 7 88 0
S 7 91 3
S 8 87 0
S 8 96 0
S 8 101 1
S 8 105 3
S 9 100 0
S 9 110 0
S 9 115 1
S 10 114 0
S 10 118 0
S 10 121 3
S 11 65 0
S 11 72 0
S 11 126 1
S 12 81 0
S 12 90 0
S 12 129 1
S 13 131 1
S 13 136 1
S 13 140 1
S 13 143 1
S 13 144 1
S 13 145 1
S 14 147 1
S 14 151 1
S 14 152 1
S 15 95 3
S 15 104 1
S 15 135 1
S 15 150 1
S 15 153 3
S 16 84 0
S 16 157 0
S 16 162 1
S 17 139 1
S 17 151 1
S 17 164 1
S 18 142 1
S 18 165 1
S 18 166 1
S 18 169 1
S 19 25 1
S 19 143 1
S 19 168 1
S 19 173 1
S 20 78 0
S 20 161 0
S 20 175 1
S 20 180 3
S 21 128 1
S 21 185 1
S 21 187 1
S 21 189 3
S 22 77 3
S 22 174 1
S 22 179 1
S 22 186 1
S 23 57 0
S 23 66 0
S 23 194 1
S 24 144 1
S 24 195 1
S 24 196 1
S 24 198 1
S 25 188 1
S 25 201 1
S 26 195 1
S 26 203 1
S 26 204 1
S 27 197 1
S 27 205 1
S 27 207 1
S 28 204 1
S 28 206 1
S 28 208 1
S 29 41 1
S 29 146 1
S 29 209 1
S 30 48 0
S 30 120 0
S 30 213 1
S 31 109 3
S 31 117 1
S 31 217 1
S 32 156 3
S 32 217 1
S 32 218 1
S 33 163 1
S 33 172 1
S 33 184 3
S 33 220 3
S 34 130 1
S 34 152 1
S 34 224 3
S 35 193 3
S 35 194 1
S 35 208 1
S 36 39 1
S 36 61 3
S 36 207 1
S 37 212 1
S 37 216 1
S 37 225 3
S 38 200 1
S 38 227 3
S 38 228 1
S 39 56 1
S 39 231 3
S 40 49 1
S 40 230 1
S 40 235 3
S 41 125 3
S 41 219 1
S 42 43 0
S 43 44 0
S 44 45 0
S 45 46 0
S 47 48 0
S 50 51 0
S 51 52 0
S 52 53 0
S 54 55 1
S 55 56 1
S 58 59 3
S 59 60 3
S 60 61 3
S 62 63 0
S 63 64 0
S 64 65 0
S 67 68 0
S 68 69 0
S 70 71 0
S 71 72 0
S 73 74 3
S 74 75 3
S 75 76 3
S 76 77 3
S 79 80 0
S 80 81 0
S 82 83 0
S 83 84 0
S 85 86 0
S 86 87 0
S 88 89 0
S 89 90 0
S 91 92 3
S 92 93 3
S 93 94 3
S 94 95 3
S 96 97 0
S 97 98 0
S 98 99 0
S 99 100 0
S 101 102 1
S 102 103 1
S 103 104 1
S 105 106 3
S 106 107 3
S 107 108 3
S 108 109 3
S 110 111 0
S 111 112 0
S 112 113 0
S 113 114 0
S 115 116 1
S 116 117 1
S 118 119 0
S 119 120 0
S 121 122 3
S 122 123 3
S 123 124 3
S 124 125 3
S 126 127 1
S 127 128 1
S 129 130 1
S 131 132 1
S 132 133 1
S 133 134 1
S 134 135 1
S 136 137 1
S 137 138 1
S 138 139 1
S 140 141 1
S 141 142 1
S 145 146 1
S 147 148 1
S 148 149 1
S 149 150 1
S 153 154 3
S 154 155 3
S 155 156 3
S 157 158 0
S 158 159 0
S 159 160 0
S 160 161 0
S 162 163 1
S 164 165 1
S 166 167 1
S 167 168 1
S 169 170 1
S 170 171 1
S 171 172 1
S 173 174 1
S 175 176 1
S 176 177 1
S 177 178 1
S 178 179 1
S 180 181 3
S 181 182 3
S 182 183 3
S 183 184 3
S 185 186 1
S 187 188 1
S 189 190 3
S 190 191 3
S 191 192 3
S 192 193 3
S 196 197 1
S 198 199 1
S 199 200 1
S 201 202 1
S 202 203 1
S 205 206 1
S 209 210 1
S 210 211 1
S 211 212 1
S 213 214 1
S 214 215 1
S 215 216 1
S 218 219 1
S 220 221 3
S 221 222 3
S 222 223 3
S 223 224 3
S 225 226 3
S 226 227 3
S 228 229 1
S 229 230 1
S 231 232 3
S 232 233 3
S 233 234 3
S 234 235 3
B 1 42019,153157 33936,120917 25287,82011 8075,46127 3699,21683 13451,1070 18396,-33467 34100,-5806 47764,8732 70826,14939 96033,27831 116247,45671 136887,64775 162022,83511 139123,99100 114790,113593 92844,129956 70426,145926
B 3 116247,45671 96033,27831 70826,14939 47764,8732 34100,-5806 18396,-33467 46614,-22103 73685,-22591 109636,-30034 144858,-36409 138293,-21088 125729,8765
B 5 144858,-36409 109636,-30034 73685,-22591 46614,-22103 18396,-33467 35141,-58948 43289,-88287 64046,-69786 89173,-56207 118458,-43587
B 7 123005,-118818 90464,-107239 65068,-96128 43289,-88287 52095,-122792 55282,-153060 58242,-183445 62822,-212574 75658,-180897 93723,-150928
B 9 52095,-122792 43289,-88287 35141,-58948 18396,-33467 -10630,-56992 -49707,-69045 -44782,-100646 -47221,-140303 -16440,-138342 14253,-139039 38465,-133656
B 11 -84778,-203976 -64307,-172776 -47221,-140303 -44782,-100646 -49707,-69045 -70206,-84270 -84273,-108889 -99020,-138651 -84912,-157377 -84992,-180861
B 0 96989,312228 63066,317035 19470,314971 -25678,310293 -65615,311231 -106819,313200 -145395,320792 -138291,300932 -128582,280541 -117044,252401 -106397,223859 -86256,236646 -48936,255517 -1063,269724 41146,285482 69329,294998
B 0 -79120,163007 -63457,135606 -55123,105197 -52094,72080 -45023,29026 -25961,984 -2641,-15619 18396,-33467 13451,1070 3699,21683 8075,46127 25287,82011 33936,120917 42019,153157 6299,141776 -25522,135694 -48672,140850 -68333,154119
B 0 42019,153157 44214,181313 49511,208836 62453,238946 80513,273915 96989,312228 69329,294998 41146,285482 -1063,269724 -48936,255517 -86256,236646 -106397,223859 -94941,192629 -79120,163007 -68333,154119 -48672,140850 -25522,135694 6299,141776
B 2 212445,286285 172377,284749 137846,286225 115290,297652 96989,312228 80513,273915 62453,238946 49511,208836 44214,181313 42019,153157 63621,171713 82478,187038 107677,208438 140732,230483 181632,258252
B 2 42019,153157 70426,145926 92844,129956 114790,113593 139123,99100 162022,83511 187648,101658 209521,122795 225581,140339 243597,159936 262998,183782 249561,205953 241431,235307 231311,263504 212445,286285 181632,258252 140732,230483 107677,208438 82478,187038 63621,171713
B 4 236835,-24200 274401,-13946 301413,-9139 322334,-12333 331688,8509 337011,40222 337468,75000 342356,113941 322893,133402 301064,153409 279863,166142 262998,183782 243597,159936 225581,140339 209521,122795 211977,100285 215289,80462 226317,59682 234141,33785 234213,2626
B 4 209521,122795 187648,101658 162022,83511 136887,64775 116247,45671 125729,8765 138293,-21088 144858,-36409 166263,-36439 175349,-36385 182597,-36878 202966,-32882 236835,-24200 234213,2626 234141,33785 226317,59682 215289,80462 211977,100285
B 6 300911,-158928 308026,-144874 311554,-126052 313552,-97581 316762,-65579 318280,-34135 322334,-12333 301413,-9139 274401,-13946 236835,-24200 255881,-46025 270910,-72213 281670,-102902 290822,-130020 295337,-148379
B 6 236835,-24200 202966,-32882 182597,-36878 175349,-36385 166263,-36439 144858,-36409 118458,-43587 89173,-56207 64046,-69786 43289,-88287 65068,-96128 90464,-107239 123005,-118818 152941,-137411 185383,-147666 224791,-149110 255755,-150139 276055,-158550 300911,-158928 295337,-148379 290822,-130020 281670,-102902 270910,-72213 255881,-46025
B 8 201201,-301796 222947,-276690 247601,-255426 267265,-231153 292139,-203565 296702,-178114 300911,-158928 276055,-158550 255755,-150139 224791,-149110 185383,-147666 152941,-137411 123005,-118818 127719,-165217 135835,-200369 148894,-220134 166634,-239766 184474,-268858
B 8 123005,-118818 93723,-150928 75658,-180897 62822,-212574 65245,-245064 68992,-276369 79294,-303729 97531,-323927 125058,-323984 154044,-318277 180684,-309919 201201,-301796 184474,-268858 166634,-239766 148894,-220134 135835,-200369 127719,-165217
B 10 -86348,-259234 -79089,-285794 -77540,-312581 -50716,-308101 -30898,-302522 -2625,-300242 32344,-301078 59554,-302592 79253,-313343 97531,-323927 79294,-303729 68992,-276369 65245,-245064 62822,-212574 45650,-220645 25270,-220758 -5328,-218292 -38801,-223903 -65867,-238377
B 10 62822,-212574 58242,-183445 55282,-153060 52095,-122792 38465,-133656 14253,-139039 -16440,-138342 -47221,-140303 -64307,-172776 -84778,-203976 -91535,-232753 -86348,-259234 -65867,-238377 -38801,-223903 -5328,-218292 25270,-220758 45650,-220645
B 12 -148426,-183431 -184486,-212586 -207178,-228034 -228595,-235769 -248329,-249579 -272686,-267076 -239937,-273458 -212199,-285263 -187813,-299642 -164856,-309835 -139379,-318581 -144199,-288803 -146996,-264846 -149859,-240728 -150368,-211430
B 12 -139379,-318581 -108610,-317629 -77540,-312581 -79089,-285794 -86348,-259234 -91535,-232753 -84778,-203976 -84992,-180861 -84912,-157377 -99020,-138651 -121246,-163940 -148426,-183431 -150368,-211430 -149859,-240728 -146996,-264846 -144199,-288803
B 13 -164023,40698 -185497,37845 -223400,31573 -267653,24732 -302539,21917 -324256,26164 -327067,-3983 -329381,-35934 -331937,-66601 -309214,-71997 -274882,-63622 -236952,-50405 -203592,-48108 -181881,-62278 -163463,-77593 -166685,-46916 -166209,-20688 -165473,7504
B 13 -163463,-77593 -140759,-77405 -113921,-69391 -83282,-64390 -49707,-69045 -10630,-56992 18396,-33467 -2641,-15619 -25961,984 -45023,29026 -71287,32569 -103731,39525 -131678,43830 -150693,43211 -164023,40698 -165473,7504 -166209,-20688 -166685,-46916
B 14 -184486,-212586 -148426,-183431 -121246,-163940 -99020,-138651 -84273,-108889 -70206,-84270 -49707,-69045 -83282,-64390 -113921,-69391 -140759,-77405 -163463,-77593 -181881,-62278 -203592,-48108 -236952,-50405 -274882,-63622 -246865,-80760 -225668,-99922 -217615,-124254 -214724,-152921 -204166,-183647
B 14 -274882,-63622 -309214,-71997 -331937,-66601 -320497,-110327 -300470,-146372 -294773,-175032 -296871,-199073 -286576,-232664 -272686,-267076 -248329,-249579 -228595,-235769 -207178,-228034 -184486,-212586 -204166,-183647 -214724,-152921 -217615,-124254 -225668,-99922 -246865,-80760
B 15 -52094,72080 -55123,105197 -63457,135606 -79120,163007 -94941,192629 -106397,223859 -117044,252401 -128582,280541 -138291,300932 -145395,320792 -165059,297601 -186010,266654 -221896,224817 -258402,184617 -282671,159465 -292970,135312 -267108,115647 -223203,114039 -172274,117668 -136631,111446 -93836,98078
B 15 -292970,135312 -297369,104973 -309001,76954 -319999,51633 -324256,26164 -302539,21917 -267653,24732 -223400,31573 -185497,37845 -164023,40698 -150693,43211 -131678,43830 -103731,39525 -71287,32569 -45023,29026 -52094,72080 -93836,98078 -136631,111446 -172274,117668 -223203,114039 -267108,115647
L 7 Some(0) -53077,130428 -42542,89030 12975,114987 17038,128929 -27525,117407
L 7 Some(1) -41382,84472 -29534,37915 -14476,23077 -14159,21890 -651,68238
L 7 Some(2) -42542,89030 -41382,84472 -651,68238 12975,114987
L 8 Some(3) 5537,154301 32804,213678 8456,220736 -12274,175592
L 8 Some(4) 32804,213678 41307,276870 10532,236163 8456,220736
L 8 Some(5) 41307,276870 -22561,249120 -21322,222323 10532,236163
L 8 Some(6) -22561,249120 -86428,221370 -53177,208482 -21322,222323
L 8 Some(7) -86428,221370 -61363,165451 -42102,183775 -53177,208482
L 8 Some(8) -61363,165451 -24329,146579 -21409,173230 -42102,183775
L 8 Some(9) -24329,146579 5537,154301 -12274,175592 -21409,173230
L 6 Some(10) 15081,287804 -26354,291438 -50620,291055 -49537,259729
L 6 None -63743,290848 -114483,290048 -95810,243637
L 6 None -50620,291055 -63743,290848 -95810,243637 -94436,240221 -49537,259729
L 0 Some(11) 52387,127249 36972,74363 41055,70585 55386,119754
L 0 Some(12) 36972,74363 21558,21476 26725,21417 41055,70585
L 0 Some(13) 36608,22819 87088,42793 84500,47121 33381,26894
L 0 None 87088,42793 132250,80899 123637,80143 84500,47121
L 0 None 132250,80899 52387,127249 55386,119754 123637,80143
L 10 Some(14) 66171,159030 159255,105007 154568,141421 118078,162598
L 10 Some(15) 159255,105007 200062,145530 180016,166691 154568,141421
L 10 Some(16) 200062,145530 240870,186052 205463,191961 180016,166691
L 10 Some(17) 240870,186052 201905,265058 191615,220042 205463,191961
L 10 Some(18) 201905,265058 134038,212044 154846,191320 191615,220042
L 10 Some(19) 134038,212044 66171,159030 118078,162598 154846,191320
L 9 None 153989,253616 132365,267379 95311,267348 90858,257653 118853,226169
L 9 None 90858,257653 66217,203993 63369,182829 118853,226169
L 12 Some(20) 204089,95980 153752,54359 216703,28091
L 12 Some(21) 153752,54359 136430,40037 155406,-14402 196515,36515
L 12 Some(22) 155406,-14402 156489,-17511 223524,-8613 216703,28091 196515,36515
L 11 Some(23) 243843,-5859 305643,2718 281254,27583 266471,25531
L 11 Some(24) 305643,2718 313883,54683 286664,61701 281254,27583
L 11 Some(25) 313883,54683 322123,106649 292074,95819 286664,61701
L 11 Some(26) 322123,106649 263490,158249 266048,118724 292074,95819
L 11 Some(27) 263490,158249 222116,111065 252108,102826 266048,118724
L 11 None 222116,111065 232979,52603 259289,64179 252108,102826
L 11 None 232979,52603 243843,-5859 266471,25531 259289,64179
L 2 Some(28) 88943,-45651 66016,-42313 63242,-58778
L 2 None 61007,-41583 48732,-39796 41488,-42713 49258,-59823
L 2 Some(85) 66016,-42313 61007,-41583 49258,-59823 51506,-64773 63242,-58778
L 14 Some(29) 236615,-41583 193333,-47328 191241,-73262 224754,-68814
L 14 Some(30) 193333,-47328 150051,-53073 157729,-77710 191241,-73262
L 14 Some(31) 150051,-53073 84168,-86724 144602,-84415 157729,-77710
L 14 Some(32) 84168,-86724 136898,-108760 170253,-95134 144602,-84415
L 14 Some(33) 136898,-108760 189628,-130795 195904,-105854 170253,-95134
L 14 Some(34) 189628,-130795 236568,-135371 221206,-108320 195904,-105854
L 14 Some(35) 236568,-135371 283508,-139947 246508,-110787 221206,-108320
L 14 Some(36) 283508,-139947 261712,-76946 238866,-88699 246508,-110787
L 14 None 261712,-76946 236615,-41583 224754,-68814 238866,-88699
L 13 None 292650,-85154 300307,-32759 269571,-37025 280108,-67481
L 3 Some(37) 88580,-124055 64900,-114985 67364,-130669
L 3 None 93299,-125862 88580,-124055 69597,-129973 80085,-140352
L 3 None 69597,-129973 67364,-130669 71486,-156899 79410,-141093 80085,-140352
L 16 Some(38) 112093,-170696 82204,-217258 84520,-241196 125311,-218821 117841,-207230
L 16 Some(39) 84520,-241196 85550,-251853 150092,-257273 125311,-218821
L 16 Some(40) 85550,-251853 87337,-270321 106761,-302690 112259,-301517 132601,-255804
L 16 Some(41) 112259,-301517 170581,-289066 150092,-257273 132601,-255804
L 15 Some(42) 203878,-271169 239280,-232928 234303,-219626 205681,-250544
L 15 Some(43) 239280,-232928 274681,-194687 262925,-188709 234303,-219626
L 15 Some(44) 278419,-175667 180375,-166109 177002,-178528 263273,-186939
L 15 Some(45) 180375,-166109 147097,-150719 163321,-172201 177002,-178528
L 15 None 147097,-150719 153829,-193509 165947,-188889 163321,-172201
L 15 None 153829,-193509 203878,-271169 205681,-250544 165947,-188889
L 4 Some(46) 28676,-109452 10733,-61893 -2966,-92748 24818,-110133
L 4 Some(47) 10733,-61893 9153,-57705 -27974,-77100 -2966,-92748
L 4 None -27974,-77100 -32136,-79275 -30718,-119925 -25784,-119055 -6062,-90811
L 4 None -25784,-119055 24818,-110133 -6062,-90811
L 18 Some(48) 43683,-197398 37171,-142892 32085,-149742 37160,-192226
L 18 Some(49) 37171,-142892 371,-149380 -333,-155458 32085,-149742
L 18 Some(50) 371,-149380 -36429,-155869 -32751,-161174 -333,-155458
L 18 Some(51) -36429,-155869 -52069,-182383 -47321,-185874 -32751,-161174
L 18 Some(52) -52069,-182383 -67708,-208897 -61890,-210574 -47321,-185874
L 18 Some(53) -68145,-224275 -45329,-207321 -47553,-201670 -61941,-212361
L 18 Some(54) -45329,-207321 -823,-202360 -5197,-196948 -47553,-201670
L 18 Some(55) -823,-202360 43683,-197398 37160,-192226 -5197,-196948
L 17 None -26204,-232802 10028,-253157 20872,-229612 19714,-227683
L 17 None 10028,-253157 47701,-274321 20872,-229612
L 5 Some(56) -78432,-164436 -67372,-145685 -83078,-141444 -83359,-141840
L 5 None -62822,-137971 -61983,-136549 -62811,-112836 -74724,-129652
L 5 None -67372,-145685 -62822,-137971 -74724,-129652 -83078,-141444
L 20 Some(57) -130441,-298783 -114470,-297234 -112042,-269592 -132887,-262244
L 20 Some(58) -112042,-269592 -109527,-240971 -134400,-239643 -132887,-262244
L 20 Some(59) -111709,-217302 -118355,-179394 -137285,-196551 -136293,-211368
L 20 Some(60) -109527,-240971 -108870,-233498 -111709,-217302 -136293,-211368 -134400,-239643
L 19 Some(61) -156918,-209885 -185084,-228845 -179566,-239899 -154931,-239569
L 19 Some(62) -179566,-239899 -165116,-268845 -152810,-271243 -154931,-239569
L 19 None -187511,-230479 -226681,-256846 -195097,-263002
L 19 None -185084,-228845 -187511,-230479 -195097,-263002 -165116,-268845
L 22 Some(63) -153311,-58866 -85512,-49727 -83166,-41292 -145309,-49668
L 22 Some(64) -85512,-49727 -17712,-40588 -21024,-32916 -83166,-41292
L 22 Some(65) -7383,-32217 -52761,12499 -56381,4770 -19439,-31632
L 22 Some(66) -52761,12499 -153696,22400 -145608,13522 -56381,4770
L 22 Some(67) -153696,22400 -153311,-58866 -145309,-49668 -145608,13522
L 21 Some(68) -193423,19113 -261864,12904 -234597,-32325
L 21 Some(69) -182767,20079 -193423,19113 -234597,-32325 -233923,-33442 -198649,-28359 -182482,-40238
L 21 None -266087,12521 -306785,8830 -311207,-44578 -292817,-41928
L 21 None -261864,12904 -266087,12521 -292817,-41928 -233923,-33442
L 23 Some(70) -150890,-160776 -111852,-127005 -84885,-88940 -142785,-93291
L 23 Some(71) -176887,-183266 -150890,-160776 -144249,-105482 -196942,-128400
L 23 Some(72) -144249,-105482 -142785,-93291 -168520,-95224 -207521,-66569 -234072,-72347 -211289,-89151 -196942,-128400
L 24 Some(73) -307574,-82555 -284350,-161134 -262068,-154049 -276755,-104354
L 24 Some(74) -284350,-161134 -261126,-239713 -247380,-203743 -262068,-154049
L 24 Some(75) -261126,-239713 -199410,-201585 -227908,-191713 -247380,-203743
L 24 None -199410,-201585 -234228,-106332 -253767,-120967 -227908,-191713
L 24 None -234228,-106332 -269181,-80551 -276321,-104332 -253767,-120967
L 26 Some(76) -282448,103641 -298557,47442 -240052,52809 -265047,96845 -273280,96669
L 26 Some(77) -240052,52809 -211590,55420 -212179,97972 -265047,96845
L 26 Some(78) -169652,59268 -130940,62819 -67898,52049 -68927,58314 -161239,93331
L 26 Some(79) -211590,55420 -169652,59268 -161239,93331 -175533,98753 -212179,97972
L 25 Some(80) -76495,101488 -81605,130056 -110592,195569 -121938,118726
L 25 Some(81) -110592,195569 -111500,197619 -158583,176525 -138705,125086 -121938,118726
L 25 Some(82) -158583,176525 -251664,134822 -169015,136583 -138705,125086
L 25 Some(83) -123363,224431 -150031,284703 -198509,223773 -197166,222702
L 25 Some(84) -111500,197619 -123363,224431 -197166,222702 -146205,182071
L 25 None -212808,205802 -266234,138652 -260937,134624 -251664,134822 -196352,159603
L 25 None -198509,223773 -212808,205802 -196352,159603 -146205,182071
U .gitattributes 0 9633 -38728,119430 -34946,100625 -1247,114346 -49,117794 -26465,112376
U .github/workflows/ci.yml 0 35150 -32369,75561 -25851,42318 -13477,28689 -15665,39222 -7001,63778
U .gitignore 0 6962 -24220,89784 -23764,87896 -7029,80989 -1168,100222
U Cargo.lock 0 150982 4595,165723 25110,208194 10904,212614 -5614,178421
U Cargo.toml 0 46885 29536,221330 32690,259041 15852,234271 15055,224748
U README.md 0 40205 25435,263732 -15897,246851 -15518,231111 6849,240246
U clippy.toml 0 9579 -33867,237208 -64528,222691 -50222,217672 -32972,225839
U polis-hook/Cargo.toml 0 14677 -76328,211344 -60215,175247 -48938,185942 -56900,203779
U polis-hook/src/main.rs 0 51948 -52194,166053 -28668,154941 -27424,170627 -41217,177142
U rust-toolchain.toml 0 10136 -18842,153239 -3219,157006 -13467,169672 -16872,168851
U rustfmt.toml 0 4269 -15919,281684 -28454,283423 -38413,283769 -38581,273167
U docs/PRD.md 1 81990 50055,119186 40159,80785 43182,78159 52383,113861
U docs/DECISIONS.md 1 123632 34961,67110 24759,28127 28538,28188 38023,64430
U docs/city-m1.png 1 121174 44281,27532 78321,39417 76721,42360 42250,30324
U docs/verified/hooks-schema.md 2 114198 85995,155239 149461,115403 147316,138312 118583,156347
U docs/verified/gpu-stack.md 2 64325 164618,116669 191534,145459 178487,158245 160836,139365
U docs/verified/hook-ipc.md 2 113747 200452,154219 229371,181144 207312,185560 188322,167879
U docs/verified/jsonl-schema.md 2 113824 229815,193720 205832,248481 198110,220590 207817,198426
U docs/verified/otel-schema.md 2 99533 192951,249829 143677,213895 156282,200484 185573,221845
U docs/verified/otlp-receiver.md 2 108981 130607,204183 85163,164598 117527,168569 144323,191911
U polis-app/src/bin/polis.rs 4 19559 199538,78804 170837,58198 203842,41699
U polis-app/src/cli.rs 4 51933 156589,47010 144564,38118 156040,-1610 186742,32462
U polis-app/src/config.rs 4 40138 164392,-8281 165119,-10659 215981,-5908 211909,21998 196917,28949
U polis-app/src/lib.rs 4 25241 255875,347 294275,6883 278775,21745 269226,20120
U polis-app/src/ui.rs 4 24420 301975,14609 307869,49648 291128,54131 287083,30080
U polis-app/src/commands.rs 4 88747 308589,61976 316545,96983 297617,91546 292130,67404
U polis-app/src/format.rs 4 68937 310038,108351 272084,145939 272224,121519 291151,102775
U polis-app/src/testutil.rs 4 14866 257438,144474 233177,114221 251135,110128 259979,121157
U polis-events/Cargo.toml 5 11842 75103,-48193 69719,-47083 68833,-50944
U polis-events/src/event.rs 6 98133 227232,-47434 198774,-52214 198067,-67574 220781,-63758
U polis-events/src/ids.rs 6 41312 187262,-54111 157955,-56495 161747,-71266 185249,-69355
U polis-events/src/kind.rs 6 53510 145168,-60174 107052,-82281 142643,-79014 150475,-74471
U polis-events/src/lib.rs 6 29473 106941,-90198 136362,-103163 156225,-95491 142676,-89520
U polis-events/src/path.rs 6 96639 150890,-109344 185211,-123249 188759,-108469 170512,-101077
U polis-events/src/tool.rs 6 55834 197107,-127110 227163,-128389 217225,-112923 200005,-112190
U polis-events/src/wire.rs 6 58387 239671,-130176 266406,-134491 245665,-115919 231614,-113651
U polis-events/src/record.rs 6 69383 273375,-124570 258942,-85322 245577,-92527 251180,-107762
U polis-ingest/Cargo.toml 7 17632 75606,-123510 70265,-121684 70940,-125153
U polis-ingest/src/bus.rs 8 75224 110437,-186310 88105,-216569 88553,-230873 116926,-217634 112580,-209817
U polis-ingest/src/env.rs 8 71788 92506,-244175 93051,-248138 139235,-250153 122388,-226185
U polis-ingest/src/lib.rs 8 77848 92781,-257809 93460,-268878 107764,-294738 108288,-294645 124414,-261592
U polis-ingest/src/transcript.rs 8 176598 121966,-293512 160950,-285471 146993,-263482 136031,-262484
U polis-ingest/src/fswatch.rs 8 118863 211556,-258122 232259,-232684 230463,-228681 211706,-251728
U polis-ingest/src/hook_listener.rs 8 105188 243265,-223809 265322,-196745 261581,-195131 241472,-219805
U polis-ingest/src/normalize.rs 8 116492 261904,-177212 188443,-172466 187527,-176335 257342,-180845
U polis-ingest/src/otlp.rs 8 132740 174693,-168007 161097,-162449 166403,-168853 173825,-171887
U polis-layout/Cargo.toml 9 16232 22330,-102726 12152,-71478 2389,-90999 19818,-103051
U polis-layout/tests/m1_gate.rs 9 89333 5613,-66940 4699,-64087 -20777,-75790 -4593,-87100
U polis-layout/src/blocks.rs 10 122689 40557,-187789 38290,-152985 34829,-157157 36596,-184284
U polis-layout/src/buildings.rs 10 104570 29525,-144426 6692,-150078 6510,-153925 26624,-148946
U polis-layout/src/determinism.rs 10 116009 -5634,-151728 -29838,-155421 -27509,-158952 -6187,-155699
U polis-layout/src/lib.rs 10 86440 -39291,-161617 -47771,-178493 -44721,-180434 -36821,-164713
U polis-layout/src/lots.rs 10 126978 -54422,-187715 -63458,-204668 -59785,-205557 -51368,-189763
U polis-layout/src/roads.rs 10 161044 -59405,-215402 -52760,-210444 -53413,-208797 -57603,-211924
U polis-layout/src/terrain.rs 10 89215 -38954,-206042 -8112,-201914 -11233,-198221 -40586,-202150
U polis-layout/src/city.rs 10 141533 5463,-201199 35813,-196779 31229,-193388 2345,-197595
U polis-render/Cargo.toml 11 13206 -77612,-157767 -71639,-148067 -79813,-145692 -79964,-145896
U polis-render/src/agents.rs 12 23273 -126871,-292375 -119532,-292163 -116675,-273931 -126849,-269549
U polis-render/src/camera.rs 12 23304 -116712,-262683 -114804,-246043 -128751,-244927 -128212,-258283
U polis-render/src/city.rs 12 26267 -118284,-210814 -121026,-189360 -131878,-198314 -131703,-206908
U polis-render/src/density.rs 12 31616 -114949,-235956 -114573,-233362 -115920,-221916 -130132,-217625 -129957,-234303
U polis-render/src/lib.rs 12 32660 -160871,-219136 -178307,-229462 -176181,-234418 -160726,-235105
U polis-render/src/marks.rs 12 23175 -171753,-245078 -162457,-263638 -158011,-264499 -159348,-244896
U polis-repo/Cargo.toml 13 18704 -139206,-53854 -97945,-51084 -96190,-46092 -134008,-48631
U polis-repo/src/corpus.rs 13 110315 -77126,-48512 -26011,-39865 -28715,-34139 -75564,-42064
U polis-repo/src/git.rs 13 149514 -14857,-26904 -47312,6154 -50036,578 -23616,-26334
U polis-repo/src/imports.rs 13 154365 -63147,12730 -142858,20457 -136464,13454 -65997,6623
U polis-repo/src/lib.rs 13 58265 -153487,12561 -151662,-49136 -145760,-42001 -147178,5973
U polis-repo/src/tree.rs 13 129480 -206383,12598 -251962,7862 -233387,-22056
U polis-repo/tests/grammar_abi.rs 13 27892 -187417,8172 -194406,7990 -223418,-23821 -223025,-24578 -199810,-22747 -189767,-31173
U polis-world/Cargo.toml 14 12330 -136446,-132616 -120094,-119993 -108210,-105059 -131645,-105510
U polis-world/src/attention.rs 14 36272 -174237,-170455 -157244,-156019 -152248,-117348 -187757,-132416
U polis-world/src/contention.rs 14 33908 -153837,-100872 -153468,-96669 -172405,-98705 -206184,-75516 -219636,-78898 -205253,-88811 -192948,-119396
U polis-world/src/lib.rs 14 37626 -297237,-96651 -282472,-152217 -269748,-148556 -280133,-109474
U polis-world/src/snapshot.rs 14 21874 -276183,-166389 -262906,-222139 -254054,-202240 -263384,-163063
U polis-world/src/territory.rs 14 33478 -250210,-227508 -212061,-203326 -228262,-197922 -242663,-207051
U tests/fixtures/transcripts/main-session-mixed.jsonl 15 133998 -280334,92934 -289393,53433 -249355,59287 -269038,89998 -275315,89526
U tests/fixtures/transcripts/main-session-with-subagent.jsonl 15 87090 -236060,59504 -216972,62417 -219200,92533 -255596,89566
U tests/fixtures/transcripts/subagent-a96cf8a57447af436.jsonl 15 58119 -145110,65908 -130070,67253 -105591,63011 -105985,65446 -141812,79132
U tests/fixtures/transcripts/subagent-a96cf8a57447af436.meta.json 15 5810 -196069,70617 -182286,72483 -180028,83674 -184153,85038 -196844,84220
U tests/golden/hamlet.snap 15 35200 -84940,111207 -87761,129562 -106742,175471 -115682,123739
U tests/golden/town-in-use.snap 15 110785 -115906,187110 -116602,188660 -152176,172477 -136896,133599 -124168,128854
U tests/golden/town.snap 15 110776 -160003,168115 -167189,141855 -147797,133918
U tests/make-fixtures.sh 15 44010 -131812,229581 -152225,274522 -188082,228536 -187069,227744
U tests/render-city.py 15 42783 -120514,201329 -128941,219048 -181011,216403 -145225,189437
U polis-app/Cargo.toml 3 13198 61341,-49477 59502,-49162 55007,-55774 55790,-57618 60168,-55517
D  86 11 4096 96989,312228 -145395,320792 18396,-33467
D docs 9 3 4096 42019,153157 18396,-33467 162022,83511
D docs/verified 6 6 4050 162022,83511 262998,183782 212445,286285 96989,312228 42019,153157
D polis-app 9 1 3406 116247,45671 18396,-33467 144858,-36409
D polis-app/src 8 8 3360 144858,-36409 322334,-12333 342356,113941 262998,183782 162022,83511 116247,45671
D polis-events 9 1 3130 144858,-36409 18396,-33467 43289,-88287
D polis-events/src 8 8 3084 43289,-88287 300911,-158928 322334,-12333 144858,-36409
D polis-ingest 9 1 2669 123005,-118818 43289,-88287 62822,-212574
D polis-ingest/src 8 8 2623 62822,-212574 97531,-323927 201201,-301796 292139,-203565 300911,-158928 123005,-118818
D polis-layout 10 2 2301 52095,-122792 43289,-88287 18396,-33467 -49707,-69045 -47221,-140303
D polis-layout/src 8 8 2255 -47221,-140303 -77540,-312581 -30898,-302522 97531,-323927 62822,-212574 52095,-122792
D polis-render 7 1 1933 -84778,-203976 -47221,-140303 -49707,-69045 -99020,-138651
D polis-render/src 6 6 1887 -99020,-138651 -272686,-267076 -139379,-318581 -77540,-312581 -84778,-203976
D polis-repo 7 7 1611 -49707,-69045 18396,-33467 -45023,29026 -324256,26164 -331937,-66601
D polis-world 6 6 1335 -331937,-66601 -272686,-267076 -99020,-138651 -49707,-69045
D tests 9 9 966 -45023,29026 -145395,320792 -292970,135312 -324256,26164
T 31 226317,59682 234141,33785 234213,2626 236835,-24200 202966,-32882
T 13 226317,59682 234141,33785 234213,2626 236835,-24200 202966,-32882 182597,-36878 175349,-36385 166263,-36439 144858,-36409 118458,-43587 89173,-56207 64046,-69786 43289,-88287 65068,-96128 90464,-107239 123005,-118818 127719,-165217 135835,-200369 148894,-220134
T 105 202966,-32882 182597,-36878 175349,-36385 166263,-36439 144858,-36409 118458,-43587 89173,-56207 64046,-69786 43289,-88287 65068,-96128 90464,-107239 123005,-118818 127719,-165217 135835,-200369 148894,-220134
T 13 202966,-32882 182597,-36878 175349,-36385 166263,-36439 144858,-36409 118458,-43587 89173,-56207 64046,-69786 43289,-88287 52095,-122792 55282,-153060 58242,-183445 62822,-212574 45650,-220645 25270,-220758 -5328,-218292
T 2 202966,-32882 182597,-36878 175349,-36385 166263,-36439 144858,-36409 109636,-30034 73685,-22591 46614,-22103 18396,-33467 -10630,-56992 -49707,-69045 -70206,-84270 -84273,-108889 -99020,-138651 -121246,-163940 -148426,-183431 -150368,-211430 -149859,-240728
T 4 -5328,-218292 -38801,-223903 -65867,-238377 -86348,-259234 -79089,-285794 -77540,-312581 -108610,-317629 -139379,-318581 -144199,-288803 -146996,-264846 -149859,-240728
