V 119
n 2.4840 1.9490
n 0.7880 2.3430
n 0.8360 0.0430
n 3.8240 3.3480
n 3.9190 0.9340
n 4.7990 2.2670
n -0.5010 3.0540
n -1.9380 1.3150
n 2.5470 5.0320
n 1.5510 4.0480
n 0.4180 4.2940
n -1.6220 4.5200
n -2.6230 3.8050
n -0.0930 5.4260
n -3.9000 4.4820
n -4.5550 3.1840
n -3.2960 1.0290
n 1.5000 6.5850
n 0.1140 6.7880
n 4.1360 -0.2300
n 2.0950 -1.0690
n 3.3360 -1.1860
n 6.3010 1.1560
n 6.7680 0.1020
n 5.3040 4.7760
n 6.5270 3.7910
n 4.2880 6.0980
n 5.5570 6.1090
n 3.6150 7.5640
n 2.2060 7.5230
n -2.7580 6.7680
n -0.3590 9.2310
n -3.1070 8.6840
n -1.4840 11.0030
n -3.1120 10.5960
n 1.5290 9.9670
n 0.3350 11.5660
n -1.7420 12.3310
n -0.2050 12.7070
n -5.8890 1.5600
n -4.4440 0.2330
n -5.6840 -1.3260
n -7.3410 0.5600
n -7.5350 -0.8880
n -6.7270 -1.9890
n -4.3840 -2.4900
n -3.2880 -2.0260
n -5.3760 -4.5110
n -8.7640 -1.2440
n -9.8870 -2.7010
n -8.0720 -4.0440
n -11.4350 -4.1840
n -10.2150 -5.5960
n -8.6890 -5.0740
n -1.9780 -4.0180
n -3.3590 -4.9640
n -6.9230 -4.7990
n -1.3730 -1.0760
n -0.5300 -2.9650
n 7.4880 2.8390
n 5.5540 -2.4650
n 6.8320 -1.2060
n 2.6990 -4.7250
n 4.1310 -4.3600
n 9.6670 0.5170
n 8.6180 2.4420
n 11.7210 4.3780
n 9.4900 4.0600
n 11.3130 2.6260
n 10.4670 6.5130
n 8.3920 5.4900
n 9.0240 8.9740
n 8.1050 7.5480
n 10.5030 7.9670
n 0.8090 -2.9270
n -0.2160 -5.8780
n 2.4940 -5.9550
n 1.1780 -7.3060
n 5.8490 -5.6680
n 7.3760 -4.4490
n 3.9490 -7.2550
n 5.6950 -6.9140
n 3.6080 -9.2210
n 5.3200 -9.6460
n 6.1510 -8.5790
n -4.7090 12.5370
n -5.4410 8.8630
n -7.2990 12.0360
n -7.3730 9.2670
n -9.2770 12.1710
n -9.9510 10.2370
n -10.0870 13.5250
n -11.5990 13.5710
n -12.2360 12.1130
n 6.4490 7.4880
n 4.5780 8.7270
n -2.8850 13.2480
n -12.4700 -6.2610
n -11.0720 -6.6700
n 8.9040 -2.5200
n 8.9750 -5.7990
n 10.6440 -3.7480
n 13.0880 1.7920
n 13.9210 2.7850
n 13.2490 4.4990
n 7.5150 -9.3170
n 5.7990 -11.5710
n 7.6360 -10.9140
n 10.2700 -7.4310
n 11.5070 -7.1580
n 11.8750 -4.8710
n -7.9410 7.5520
n -6.7350 5.9310
n -5.4040 7.0580
n -9.9710 7.3910
n -10.6100 6.0840
n -8.7840 4.9510
n 11.1580 -0.2500
n 12.7670 -0.0890
E 173
e 0 1 Lane 2.4840,1.9490 2.0430,1.9740 1.6130,2.0480 1.1950,2.1710 0.7880,2.3430
e 0 2 Arterial 2.4840,1.9490 2.1320,1.4200 1.7400,0.9260 1.3080,0.4670 0.8360,0.0430
e 0 3 Street 2.4840,1.9490 2.7790,2.3370 3.1010,2.6990 3.4490,3.0360 3.8240,3.3480
e 0 4 Arterial 2.4840,1.9490 2.8900,1.7620 3.2640,1.5300 3.6070,1.2540 3.9190,0.9340
e 0 9 Lane 2.4840,1.9490 2.2020,2.4520 1.9520,2.9690 1.7350,3.5010 1.5510,4.0480
e 1 6 Street 0.7880,2.3430 0.4480,2.4880 0.1200,2.6550 -0.1970,2.8440 -0.5010,3.0540
e 1 9 Lane 0.7880,2.3430 0.9590,2.7780 1.1430,3.2070 1.3400,3.6310 1.5510,4.0480
e 2 7 Arterial 0.8360,0.0430 0.1220,0.3150 -0.5790,0.6180 -1.2650,0.9510 -1.9380,1.3150
e 2 20 Arterial 0.8360,0.0430 1.1510,-0.2350 1.4650,-0.5130 1.7800,-0.7910 2.0950,-1.0690
e 2 57 Arterial 0.8360,0.0430 0.2700,-0.2100 -0.2860,-0.4810 -0.8340,-0.7700 -1.3730,-1.0760
e 3 5 Lane 3.8240,3.3480 4.0700,3.0800 4.3140,2.8100 4.5570,2.5390 4.7990,2.2670
e 3 8 Street 3.8240,3.3480 3.5010,3.7660 3.1800,4.1860 2.8620,4.6080 2.5470,5.0320
e 3 24 Street 3.8240,3.3480 4.2030,3.6960 4.5760,4.0500 4.9430,4.4100 5.3040,4.7760
e 4 5 Street 3.9190,0.9340 4.1310,1.2730 4.3480,1.6080 4.5710,1.9390 4.7990,2.2670
e 4 19 Street 3.9190,0.9340 3.9670,0.6420 4.0190,0.3500 4.0760,0.0600 4.1360,-0.2300
e 5 22 Lane 4.7990,2.2670 5.1460,1.9510 5.5120,1.6610 5.8970,1.3960 6.3010,1.1560
e 5 25 Lane 4.7990,2.2670 5.2790,2.5930 5.7280,2.9560 6.1430,3.3550 6.5270,3.7910
e 6 7 Street -0.5010,3.0540 -0.8450,2.6060 -1.1990,2.1670 -1.5630,1.7370 -1.9380,1.3150
e 6 10 Lane -0.5010,3.0540 -0.2850,3.3740 -0.0600,3.6870 0.1750,3.9940 0.4180,4.2940
e 6 11 Arterial -0.5010,3.0540 -0.8210,3.3900 -1.1150,3.7460 -1.3820,4.1230 -1.6220,4.5200
e 7 12 Street -1.9380,1.3150 -2.1370,1.9300 -2.3180,2.5500 -2.4800,3.1750 -2.6230,3.8050
e 7 16 Lane -1.9380,1.3150 -2.2860,1.2820 -2.6280,1.2240 -2.9650,1.1390 -3.2960,1.0290
e 7 57 Lane -1.9380,1.3150 -1.8050,0.7150 -1.6670,0.1170 -1.5230,-0.4800 -1.3730,-1.0760
e 8 9 Lane 2.5470,5.0320 2.3200,4.7640 2.0780,4.5100 1.8220,4.2720 1.5510,4.0480
e 8 17 Street 2.5470,5.0320 2.1980,5.3610 1.9070,5.7300 1.6740,6.1380 1.5000,6.5850
e 8 26 Lane 2.5470,5.0320 2.9510,5.3500 3.3750,5.6340 3.8210,5.8830 4.2880,6.0980
e 10 13 Lane 0.4180,4.2940 0.2700,4.5680 0.1350,4.8480 0.0140,5.1340 -0.0930,5.4260
e 11 12 Lane -1.6220,4.5200 -1.8570,4.3200 -2.1020,4.1340 -2.3580,3.9620 -2.6230,3.8050
e 11 13 Lane -1.6220,4.5200 -1.2480,4.7600 -0.8680,4.9910 -0.4830,5.2130 -0.0930,5.4260
e 11 30 Arterial -1.6220,4.5200 -1.9280,5.0710 -2.2190,5.6290 -2.4960,6.1950 -2.7580,6.7680
e 12 14 Lane -2.6230,3.8050 -2.9360,3.9860 -3.2530,4.1600 -3.5740,4.3250 -3.9000,4.4820
e 13 18 Lane -0.0930,5.4260 -0.1020,5.7760 -0.0710,6.1190 0.0010,6.4570 0.1140,6.7880
e 14 15 Arterial -3.9000,4.4820 -4.0930,4.1720 -4.2670,3.8530 -4.4210,3.5230 -4.5550,3.1840
e 14 30 Arterial -3.9000,4.4820 -3.5220,5.0070 -3.2050,5.5630 -2.9510,6.1500 -2.7580,6.7680
e 15 16 Lane -4.5550,3.1840 -4.3290,2.5940 -4.0440,2.0380 -3.6990,1.5160 -3.2960,1.0290
e 15 39 Street -4.5550,3.1840 -4.9690,2.8440 -5.3290,2.4600 -5.6360,2.0320 -5.8890,1.5600
e 16 40 Street -3.2960,1.0290 -3.6030,0.8580 -3.8960,0.6690 -4.1770,0.4600 -4.4440,0.2330
e 17 18 Street 1.5000,6.5850 1.1430,6.5620 0.7930,6.5880 0.4500,6.6630 0.1140,6.7880
e 17 29 Lane 1.5000,6.5850 1.6440,6.8440 1.8100,7.0860 1.9970,7.3130 2.2060,7.5230
e 18 30 Street 0.1140,6.7880 -0.6030,6.6380 -1.3210,6.5850 -2.0390,6.6280 -2.7580,6.7680
e 18 31 Lane 0.1140,6.7880 -0.1410,7.3720 -0.3050,7.9740 -0.3780,8.5940 -0.3590,9.2310
e 19 21 Street 4.1360,-0.2300 3.9390,-0.4720 3.7410,-0.7120 3.5390,-0.9500 3.3360,-1.1860
e 19 23 Street 4.1360,-0.2300 4.8010,-0.2000 5.4610,-0.1340 6.1170,-0.0340 6.7680,0.1020
e 20 21 Arterial 2.0950,-1.0690 2.4090,-1.0560 2.7210,-1.0710 3.0300,-1.1140 3.3360,-1.1860
e 20 74 Lane 2.0950,-1.0690 1.7330,-1.5050 1.3970,-1.9600 1.0900,-2.4340 0.8090,-2.9270
e 21 60 Arterial 3.3360,-1.1860 3.8780,-1.5270 4.4280,-1.8540 4.9870,-2.1670 5.5540,-2.4650
e 22 59 Lane 6.3010,1.1560 6.6080,1.5690 6.9090,1.9870 7.2020,2.4110 7.4880,2.8390
e 23 61 Lane 6.7680,0.1020 6.7700,-0.2260 6.7810,-0.5530 6.8020,-0.8800 6.8320,-1.2060
e 23 64 Street 6.7680,0.1020 7.4730,0.3460 8.1910,0.4970 8.9220,0.5540 9.6670,0.5170
e 24 25 Lane 5.3040,4.7760 5.5990,4.5170 5.9020,4.2660 6.2110,4.0240 6.5270,3.7910
e 24 27 Lane 5.3040,4.7760 5.3780,5.1070 5.4440,5.4400 5.5040,5.7740 5.5570,6.1090
e 25 59 Lane 6.5270,3.7910 6.7410,3.5260 6.9720,3.2790 7.2210,3.0500 7.4880,2.8390
e 25 70 Lane 6.5270,3.7910 7.0570,4.1450 7.5450,4.5470 7.9900,4.9950 8.3920,5.4900
e 26 27 Lane 4.2880,6.0980 4.6050,6.1020 4.9220,6.1050 5.2400,6.1080 5.5570,6.1090
e 26 28 Lane 4.2880,6.0980 4.0750,6.4440 3.8920,6.8040 3.7380,7.1770 3.6150,7.5640
e 27 70 Lane 5.5570,6.1090 6.2650,5.9520 6.9740,5.7970 7.6830,5.6430 8.3920,5.4900
e 27 94 Lane 5.5570,6.1090 5.7850,6.4500 6.0100,6.7940 6.2310,7.1400 6.4490,7.4880
e 28 29 Street 3.6150,7.5640 3.2640,7.4980 2.9130,7.4700 2.5600,7.4780 2.2060,7.5230
e 28 95 Lane 3.6150,7.5640 3.8330,7.8730 4.0660,8.1700 4.3150,8.4550 4.5780,8.7270
e 29 35 Street 2.2060,7.5230 1.9810,8.1190 1.7930,8.7240 1.6430,9.3410 1.5290,9.9670
e 30 32 Arterial -2.7580,6.7680 -2.7680,7.2610 -2.8290,7.7450 -2.9420,8.2190 -3.1070,8.6840
e 31 32 Lane -0.3590,9.2310 -1.0450,9.0890 -1.7320,8.9500 -2.4190,8.8150 -3.1070,8.6840
e 31 35 Lane -0.3590,9.2310 0.0810,9.4960 0.5430,9.7070 1.0250,9.8640 1.5290,9.9670
e 32 34 Street -3.1070,8.6840 -3.0400,9.1620 -3.0180,9.6400 -3.0420,10.1180 -3.1120,10.5960
e 32 86 Arterial -3.1070,8.6840 -3.6800,8.8600 -4.2610,8.9490 -4.8470,8.9500 -5.4410,8.8630
e 33 34 Lane -1.4840,11.0030 -1.8840,10.8730 -2.2890,10.7620 -2.6980,10.6690 -3.1120,10.5960
e 33 36 Lane -1.4840,11.0030 -1.0200,11.1140 -0.5620,11.2450 -0.1100,11.3950 0.3350,11.5660
e 34 85 Lane -3.1120,10.5960 -3.4850,11.1030 -3.8750,11.5950 -4.2830,12.0730 -4.7090,12.5370
e 35 36 Lane 1.5290,9.9670 1.2340,10.3700 0.9370,10.7700 0.6370,11.1690 0.3350,11.5660
e 36 38 Lane 0.3350,11.5660 0.2310,11.8660 0.1070,12.1560 -0.0390,12.4360 -0.2050,12.7070
e 37 38 Lane -1.7420,12.3310 -1.3630,12.4470 -0.9810,12.5480 -0.5950,12.6350 -0.2050,12.7070
e 37 96 Lane -1.7420,12.3310 -2.0670,12.5120 -2.3660,12.7250 -2.6380,12.9700 -2.8850,13.2480
e 39 40 Lane -5.8890,1.5600 -5.5920,1.1580 -5.2530,0.8030 -4.8700,0.4940 -4.4440,0.2330
e 39 42 Lane -5.8890,1.5600 -6.2880,1.3630 -6.6640,1.1310 -7.0140,0.8630 -7.3410,0.5600
e 40 41 Lane -4.4440,0.2330 -4.7840,-0.1330 -5.1040,-0.5150 -5.4040,-0.9120 -5.6840,-1.3260
e 40 46 Street -4.4440,0.2330 -4.1900,-0.3500 -3.9120,-0.9200 -3.6120,-1.4790 -3.2880,-2.0260
e 41 44 Lane -5.6840,-1.3260 -5.9610,-1.4670 -6.2270,-1.6240 -6.4820,-1.7980 -6.7270,-1.9890
e 42 43 Lane -7.3410,0.5600 -7.4080,0.2000 -7.4620,-0.1610 -7.5050,-0.5240 -7.5350,-0.8880
e 43 44 Lane -7.5350,-0.8880 -7.3480,-1.1750 -7.1510,-1.4540 -6.9440,-1.7250 -6.7270,-1.9890
e 43 48 Street -7.5350,-0.8880 -7.8430,-0.9740 -8.1510,-1.0620 -8.4580,-1.1520 -8.7640,-1.2440
e 44 47 Street -6.7270,-1.9890 -6.4390,-2.6460 -6.1180,-3.2860 -5.7640,-3.9070 -5.3760,-4.5110
e 44 50 Lane -6.7270,-1.9890 -7.0370,-2.5200 -7.3650,-3.0390 -7.7100,-3.5470 -8.0720,-4.0440
e 45 46 Street -4.3840,-2.4900 -4.1040,-2.3880 -3.8280,-2.2770 -3.5560,-2.1560 -3.2880,-2.0260
e 45 47 Street -4.3840,-2.4900 -4.6520,-2.9850 -4.9070,-3.4870 -5.1480,-3.9960 -5.3760,-4.5110
e 46 54 Street -3.2880,-2.0260 -3.0580,-2.5880 -2.7630,-3.1070 -2.4030,-3.5840 -1.9780,-4.0180
e 46 57 Arterial -3.2880,-2.0260 -2.7710,-1.8660 -2.2790,-1.6550 -1.8130,-1.3910 -1.3730,-1.0760
e 47 55 Street -5.3760,-4.5110 -4.8830,-4.6750 -4.3830,-4.8050 -3.8750,-4.9010 -3.3590,-4.9640
e 47 56 Arterial -5.3760,-4.5110 -5.7620,-4.5880 -6.1480,-4.6620 -6.5350,-4.7320 -6.9230,-4.7990
e 48 49 Lane -8.7640,-1.2440 -8.9920,-1.6490 -9.2550,-2.0270 -9.5530,-2.3780 -9.8870,-2.7010
e 49 50 Lane -9.8870,-2.7010 -9.3920,-2.9820 -8.9250,-3.2990 -8.4850,-3.6530 -8.0720,-4.0440
e 49 51 Lane -9.8870,-2.7010 -10.1910,-3.1590 -10.5500,-3.5590 -10.9650,-3.9000 -11.4350,-4.1840
e 50 53 Street -8.0720,-4.0440 -8.1980,-4.3180 -8.3430,-4.5820 -8.5060,-4.8330 -8.6890,-5.0740
e 50 56 Street -8.0720,-4.0440 -7.7750,-4.2180 -7.4840,-4.4010 -7.2000,-4.5950 -6.9230,-4.7990
e 51 97 Lane -11.4350,-4.1840 -11.6050,-4.7480 -11.8340,-5.2820 -12.1220,-5.7860 -12.4700,-6.2610
e 52 53 Street -10.2150,-5.5960 -9.8530,-5.4090 -9.4780,-5.2600 -9.0900,-5.1480 -8.6890,-5.0740
e 52 98 Lane -10.2150,-5.5960 -10.3780,-5.9050 -10.5750,-6.1870 -10.8070,-6.4420 -11.0720,-6.6700
e 54 55 Arterial -1.9780,-4.0180 -2.3760,-4.1770 -2.7390,-4.3870 -3.0670,-4.6500 -3.3590,-4.9640
e 54 58 Street -1.9780,-4.0180 -1.5610,-3.8310 -1.1800,-3.5930 -0.8370,-3.3040 -0.5300,-2.9650
e 54 75 Arterial -1.9780,-4.0180 -1.5650,-4.5090 -1.1340,-4.9830 -0.6840,-5.4390 -0.2160,-5.8780
e 57 58 Lane -1.3730,-1.0760 -1.2500,-1.5870 -1.0680,-2.0730 -0.8280,-2.5320 -0.5300,-2.9650
e 58 74 Lane -0.5300,-2.9650 -0.1940,-3.0150 0.1420,-3.0250 0.4760,-2.9960 0.8090,-2.9270
e 59 65 Lane 7.4880,2.8390 7.7750,2.7510 8.0580,2.6560 8.3400,2.5530 8.6180,2.4420
e 60 63 Lane 5.5540,-2.4650 5.1490,-2.9020 4.7770,-3.3630 4.4380,-3.8490 4.1310,-4.3600
e 60 79 Street 5.5540,-2.4650 5.9200,-3.0430 6.3460,-3.5660 6.8310,-4.0350 7.3760,-4.4490
e 61 99 Lane 6.8320,-1.2060 7.3530,-1.5300 7.8720,-1.8570 8.3890,-2.1870 8.9040,-2.5200
e 62 63 Arterial 2.6990,-4.7250 3.0570,-4.6330 3.4150,-4.5410 3.7730,-4.4500 4.1310,-4.3600
e 62 75 Street 2.6990,-4.7250 2.0120,-5.1190 1.2970,-5.4430 0.5550,-5.6960 -0.2160,-5.8780
e 62 76 Lane 2.6990,-4.7250 2.7070,-5.0420 2.6750,-5.3530 2.6040,-5.6570 2.4940,-5.9550
e 63 78 Arterial 4.1310,-4.3600 4.5530,-4.6960 4.9810,-5.0260 5.4120,-5.3500 5.8490,-5.6680
e 64 65 Street 9.6670,0.5170 9.3100,0.9470 9.0160,1.4110 8.7850,1.9090 8.6180,2.4420
e 64 68 Street 9.6670,0.5170 10.0240,1.0870 10.4170,1.6290 10.8470,2.1420 11.3130,2.6260
e 64 99 Street 9.6670,0.5170 9.6190,-0.2780 9.4760,-1.0490 9.2370,-1.7970 8.9040,-2.5200
e 64 117 Lane 9.6670,0.5170 10.0760,0.3960 10.4610,0.2270 10.8210,0.0120 11.1580,-0.2500
e 65 67 Lane 8.6180,2.4420 8.8220,2.8540 9.0360,3.2610 9.2580,3.6630 9.4900,4.0600
e 66 67 Lane 11.7210,4.3780 11.1740,4.2240 10.6200,4.1200 10.0580,4.0650 9.4900,4.0600
e 66 68 Lane 11.7210,4.3780 11.6770,3.9270 11.5940,3.4840 11.4730,3.0510 11.3130,2.6260
e 66 69 Lane 11.7210,4.3780 11.3450,4.8750 11.0110,5.3970 10.7180,5.9430 10.4670,6.5130
e 66 104 Lane 11.7210,4.3780 12.1000,4.4420 12.4810,4.4840 12.8640,4.5030 13.2490,4.4990
e 67 70 Street 9.4900,4.0600 9.2470,4.4420 8.9830,4.8070 8.6980,5.1570 8.3920,5.4900
e 68 102 Lane 11.3130,2.6260 11.7530,2.4090 12.1950,2.1970 12.6400,1.9920 13.0880,1.7920
e 69 70 Lane 10.4670,6.5130 9.9160,6.3240 9.3860,6.0900 8.8780,5.8120 8.3920,5.4900
e 69 73 Lane 10.4670,6.5130 10.5000,6.8760 10.5170,7.2390 10.5180,7.6030 10.5030,7.9670
e 70 72 Lane 8.3920,5.4900 8.3690,6.0110 8.3130,6.5280 8.2250,7.0400 8.1050,7.5480
e 71 72 Lane 9.0240,8.9740 8.7730,8.6310 8.5370,8.2790 8.3140,7.9180 8.1050,7.5480
e 71 73 Lane 9.0240,8.9740 9.3370,8.6390 9.6880,8.3600 10.0770,8.1360 10.5030,7.9670
e 72 94 Lane 8.1050,7.5480 7.6910,7.5280 7.2770,7.5120 6.8630,7.4980 6.4490,7.4880
e 75 77 Street -0.2160,-5.8780 0.1420,-6.2260 0.4940,-6.5800 0.8390,-6.9400 1.1780,-7.3060
e 76 77 Street 2.4940,-5.9550 2.2010,-6.3280 1.8840,-6.6770 1.5430,-7.0030 1.1780,-7.3060
e 76 80 Street 2.4940,-5.9550 2.8860,-6.2490 3.2590,-6.5630 3.6130,-6.8990 3.9490,-7.2550
e 78 79 Arterial 5.8490,-5.6680 6.2490,-5.3870 6.6370,-5.0900 7.0130,-4.7770 7.3760,-4.4490
e 78 81 Street 5.8490,-5.6680 5.8310,-5.9820 5.7990,-6.2940 5.7540,-6.6050 5.6950,-6.9140
e 79 99 Street 7.3760,-4.4490 7.7760,-3.9810 8.1640,-3.5030 8.5400,-3.0160 8.9040,-2.5200
e 79 100 Street 7.3760,-4.4490 7.7300,-4.8410 8.1150,-5.1960 8.5300,-5.5160 8.9750,-5.7990
e 80 82 Lane 3.9490,-7.2550 3.8650,-7.7470 3.7810,-8.2380 3.6950,-8.7300 3.6080,-9.2210
e 81 84 Street 5.6950,-6.9140 5.8560,-7.3170 5.9860,-7.7290 6.0840,-8.1500 6.1510,-8.5790
e 82 83 Lane 3.6080,-9.2210 4.0480,-9.2770 4.4800,-9.3670 4.9040,-9.4900 5.3200,-9.6460
e 83 84 Lane 5.3200,-9.6460 5.4770,-9.3400 5.6680,-9.0600 5.8920,-8.8060 6.1510,-8.5790
e 83 106 Lane 5.3200,-9.6460 5.5060,-10.1110 5.6470,-10.5870 5.7450,-11.0730 5.7990,-11.5710
e 84 105 Lane 6.1510,-8.5790 6.5090,-8.7310 6.8560,-8.9050 7.1910,-9.1000 7.5150,-9.3170
e 85 86 Lane -4.7090,12.5370 -5.0510,11.6500 -5.2870,10.7420 -5.4170,9.8130 -5.4410,8.8630
e 85 87 Lane -4.7090,12.5370 -5.3480,12.3680 -5.9930,12.2290 -6.6430,12.1180 -7.2990,12.0360
e 85 96 Lane -4.7090,12.5370 -4.2740,12.7690 -3.8250,12.9650 -3.3620,13.1240 -2.8850,13.2480
e 86 88 Arterial -5.4410,8.8630 -5.9220,8.9740 -6.4040,9.0790 -6.8880,9.1760 -7.3730,9.2670
e 86 113 Lane -5.4410,8.8630 -5.4800,8.4110 -5.4870,7.9590 -5.4620,7.5080 -5.4040,7.0580
e 87 88 Lane -7.2990,12.0360 -7.3610,11.3450 -7.3940,10.6530 -7.3980,9.9600 -7.3730,9.2670
e 87 89 Lane -7.2990,12.0360 -7.7860,12.1730 -8.2790,12.2410 -8.7750,12.2400 -9.2770,12.1710
e 88 90 Street -7.3730,9.2670 -7.9990,9.5600 -8.6370,9.8190 -9.2880,10.0450 -9.9510,10.2370
e 88 111 Lane -7.3730,9.2670 -7.4590,8.8200 -7.5820,8.3850 -7.7430,7.9620 -7.9410,7.5520
e 89 90 Lane -9.2770,12.1710 -9.5290,11.7170 -9.7260,11.2430 -9.8660,10.7500 -9.9510,10.2370
e 89 91 Lane -9.2770,12.1710 -9.4370,12.5350 -9.6250,12.8820 -9.8420,13.2120 -10.0870,13.5250
e 90 93 Street -9.9510,10.2370 -10.4970,10.7370 -11.0600,11.2160 -11.6390,11.6750 -12.2360,12.1130
e 91 92 Lane -10.0870,13.5250 -10.4630,13.5900 -10.8410,13.6200 -11.2190,13.6130 -11.5990,13.5710
e 92 93 Lane -11.5990,13.5710 -11.8190,13.2330 -11.9990,12.8770 -12.1380,12.5040 -12.2360,12.1130
e 94 95 Lane 6.4490,7.4880 5.9570,7.7600 5.4810,8.0580 5.0210,8.3800 4.5780,8.7270
e 97 98 Lane -12.4700,-6.2610 -12.1010,-6.2950 -11.7440,-6.3750 -11.4020,-6.5000 -11.0720,-6.6700
e 99 101 Lane 8.9040,-2.5200 9.3620,-2.7950 9.8040,-3.0910 10.2320,-3.4090 10.6440,-3.7480
e 100 101 Lane 8.9750,-5.7990 9.3820,-5.2780 9.7960,-4.7630 10.2170,-4.2530 10.6440,-3.7480
e 100 108 Lane 8.9750,-5.7990 9.3620,-6.1560 9.7070,-6.5480 10.0100,-6.9720 10.2700,-7.4310
e 101 110 Lane 10.6440,-3.7480 10.9620,-4.0180 11.2730,-4.2950 11.5770,-4.5790 11.8750,-4.8710
e 102 103 Lane 13.0880,1.7920 13.3010,2.0360 13.5110,2.2830 13.7170,2.5330 13.9210,2.7850
e 102 118 Lane 13.0880,1.7920 12.9600,1.3300 12.8640,0.8620 12.8000,0.3890 12.7670,-0.0890
e 103 104 Lane 13.9210,2.7850 13.7510,3.2130 13.5820,3.6410 13.4150,4.0700 13.2490,4.4990
e 105 107 Lane 7.5150,-9.3170 7.6080,-9.7110 7.6590,-10.1090 7.6690,-10.5100 7.6360,-10.9140
e 106 107 Lane 5.7990,-11.5710 6.2430,-11.3630 6.6970,-11.1850 7.1610,-11.0350 7.6360,-10.9140
e 108 109 Lane 10.2700,-7.4310 10.5730,-7.3350 10.8800,-7.2580 11.1920,-7.1990 11.5070,-7.1580
e 109 110 Lane 11.5070,-7.1580 11.5020,-6.5710 11.5610,-5.9940 11.6860,-5.4270 11.8750,-4.8710
e 111 112 Lane -7.9410,7.5520 -7.6040,7.1730 -7.2900,6.7770 -7.0010,6.3630 -6.7350,5.9310
e 111 114 Lane -7.9410,7.5520 -8.4390,7.3980 -8.9440,7.3190 -9.4540,7.3170 -9.9710,7.3910
e 112 113 Lane -6.7350,5.9310 -6.4110,6.2230 -6.0820,6.5090 -5.7460,6.7870 -5.4040,7.0580
e 112 116 Lane -6.7350,5.9310 -7.2350,5.6590 -7.7430,5.4050 -8.2590,5.1690 -8.7840,4.9510
e 114 115 Lane -9.9710,7.3910 -10.0570,7.0280 -10.1920,6.6900 -10.3770,6.3750 -10.6100,6.0840
e 115 116 Lane -10.6100,6.0840 -10.0940,5.8960 -9.6180,5.6450 -9.1810,5.3300 -8.7840,4.9510
e 117 118 Lane 11.1580,-0.2500 11.5610,-0.2190 11.9640,-0.1820 12.3660,-0.1380 12.7670,-0.0890
B 55
b Some(0) false 2.4840,1.9490 2.0430,1.9740 1.6130,2.0480 1.1950,2.1710 0.7880,2.3430 0.4480,2.4880 0.1200,2.6550 -0.1970,2.8440 -0.5010,3.0540 -0.8450,2.6060 -1.1990,2.1670 -1.5630,1.7370 -1.9380,1.3150 -1.2650,0.9510 -0.5790,0.6180 0.1220,0.3150 0.8360,0.0430 1.3080,0.4670 1.7400,0.9260 2.1320,1.4200
b Some(2) false 0.7880,2.3430 1.1950,2.1710 1.6130,2.0480 2.0430,1.9740 2.4840,1.9490 2.2020,2.4520 1.9520,2.9690 1.7350,3.5010 1.5510,4.0480 1.3400,3.6310 1.1430,3.2070 0.9590,2.7780
b Some(1) false 2.4840,1.9490 2.1320,1.4200 1.7400,0.9260 1.3080,0.4670 0.8360,0.0430 1.1510,-0.2350 1.4650,-0.5130 1.7800,-0.7910 2.0950,-1.0690 2.4090,-1.0560 2.7210,-1.0710 3.0300,-1.1140 3.3360,-1.1860 3.5390,-0.9500 3.7410,-0.7120 3.9390,-0.4720 4.1360,-0.2300 4.0760,0.0600 4.0190,0.3500 3.9670,0.6420 3.9190,0.9340 3.6070,1.2540 3.2640,1.5300 2.8900,1.7620
b Some(4) false 2.4840,1.9490 2.7790,2.3370 3.1010,2.6990 3.4490,3.0360 3.8240,3.3480 3.5010,3.7660 3.1800,4.1860 2.8620,4.6080 2.5470,5.0320 2.3200,4.7640 2.0780,4.5100 1.8220,4.2720 1.5510,4.0480 1.7350,3.5010 1.9520,2.9690 2.2020,2.4520
b Some(2) false 3.8240,3.3480 3.4490,3.0360 3.1010,2.6990 2.7790,2.3370 2.4840,1.9490 2.8900,1.7620 3.2640,1.5300 3.6070,1.2540 3.9190,0.9340 4.1310,1.2730 4.3480,1.6080 4.5710,1.9390 4.7990,2.2670 4.5570,2.5390 4.3140,2.8100 4.0700,3.0800
b Some(0) false -0.5010,3.0540 -0.1970,2.8440 0.1200,2.6550 0.4480,2.4880 0.7880,2.3430 0.9590,2.7780 1.1430,3.2070 1.3400,3.6310 1.5510,4.0480 1.8220,4.2720 2.0780,4.5100 2.3200,4.7640 2.5470,5.0320 2.1980,5.3610 1.9070,5.7300 1.6740,6.1380 1.5000,6.5850 1.1430,6.5620 0.7930,6.5880 0.4500,6.6630 0.1140,6.7880 0.0010,6.4570 -0.0710,6.1190 -0.1020,5.7760 -0.0930,5.4260 0.0140,5.1340 0.1350,4.8480 0.2700,4.5680 0.4180,4.2940 0.1750,3.9940 -0.0600,3.6870 -0.2850,3.3740
b Some(0) false 0.8360,0.0430 0.1220,0.3150 -0.5790,0.6180 -1.2650,0.9510 -1.9380,1.3150 -1.8050,0.7150 -1.6670,0.1170 -1.5230,-0.4800 -1.3730,-1.0760 -0.8340,-0.7700 -0.2860,-0.4810 0.2700,-0.2100
b Some(16) false 2.0950,-1.0690 1.7800,-0.7910 1.4650,-0.5130 1.1510,-0.2350 0.8360,0.0430 0.2700,-0.2100 -0.2860,-0.4810 -0.8340,-0.7700 -1.3730,-1.0760 -1.2500,-1.5870 -1.0680,-2.0730 -0.8280,-2.5320 -0.5300,-2.9650 -0.1940,-3.0150 0.1420,-3.0250 0.4760,-2.9960 0.8090,-2.9270 1.0900,-2.4340 1.3970,-1.9600 1.7330,-1.5050
b Some(2) false 3.8240,3.3480 4.0700,3.0800 4.3140,2.8100 4.5570,2.5390 4.7990,2.2670 5.2790,2.5930 5.7280,2.9560 6.1430,3.3550 6.5270,3.7910 6.2110,4.0240 5.9020,4.2660 5.5990,4.5170 5.3040,4.7760 4.9430,4.4100 4.5760,4.0500 4.2030,3.6960
b Some(2) false 2.5470,5.0320 2.8620,4.6080 3.1800,4.1860 3.5010,3.7660 3.8240,3.3480 4.2030,3.6960 4.5760,4.0500 4.9430,4.4100 5.3040,4.7760 5.3780,5.1070 5.4440,5.4400 5.5040,5.7740 5.5570,6.1090 5.2400,6.1080 4.9220,6.1050 4.6050,6.1020 4.2880,6.0980 3.8210,5.8830 3.3750,5.6340 2.9510,5.3500
b Some(2) false 4.7990,2.2670 4.5710,1.9390 4.3480,1.6080 4.1310,1.2730 3.9190,0.9340 3.9670,0.6420 4.0190,0.3500 4.0760,0.0600 4.1360,-0.2300 4.8010,-0.2000 5.4610,-0.1340 6.1170,-0.0340 6.7680,0.1020 7.4730,0.3460 8.1910,0.4970 8.9220,0.5540 9.6670,0.5170 9.3100,0.9470 9.0160,1.4110 8.7850,1.9090 8.6180,2.4420 8.3400,2.5530 8.0580,2.6560 7.7750,2.7510 7.4880,2.8390 7.2020,2.4110 6.9090,1.9870 6.6080,1.5690 6.3010,1.1560 5.8970,1.3960 5.5120,1.6610 5.1460,1.9510
b Some(12) false 4.7990,2.2670 5.1460,1.9510 5.5120,1.6610 5.8970,1.3960 6.3010,1.1560 6.6080,1.5690 6.9090,1.9870 7.2020,2.4110 7.4880,2.8390 7.2210,3.0500 6.9720,3.2790 6.7410,3.5260 6.5270,3.7910 6.1430,3.3550 5.7280,2.9560 5.2790,2.5930
b Some(0) false -1.9380,1.3150 -1.5630,1.7370 -1.1990,2.1670 -0.8450,2.6060 -0.5010,3.0540 -0.8210,3.3900 -1.1150,3.7460 -1.3820,4.1230 -1.6220,4.5200 -1.8570,4.3200 -2.1020,4.1340 -2.3580,3.9620 -2.6230,3.8050 -2.4800,3.1750 -2.3180,2.5500 -2.1370,1.9300
b Some(0) false -0.5010,3.0540 -0.2850,3.3740 -0.0600,3.6870 0.1750,3.9940 0.4180,4.2940 0.2700,4.5680 0.1350,4.8480 0.0140,5.1340 -0.0930,5.4260 -0.4830,5.2130 -0.8680,4.9910 -1.2480,4.7600 -1.6220,4.5200 -1.3820,4.1230 -1.1150,3.7460 -0.8210,3.3900
b Some(0) false -1.9380,1.3150 -2.1370,1.9300 -2.3180,2.5500 -2.4800,3.1750 -2.6230,3.8050 -2.9360,3.9860 -3.2530,4.1600 -3.5740,4.3250 -3.9000,4.4820 -4.0930,4.1720 -4.2670,3.8530 -4.4210,3.5230 -4.5550,3.1840 -4.3290,2.5940 -4.0440,2.0380 -3.6990,1.5160 -3.2960,1.0290 -2.9650,1.1390 -2.6280,1.2240 -2.2860,1.2820
b Some(10) false -1.9380,1.3150 -2.2860,1.2820 -2.6280,1.2240 -2.9650,1.1390 -3.2960,1.0290 -3.6030,0.8580 -3.8960,0.6690 -4.1770,0.4600 -4.4440,0.2330 -4.1900,-0.3500 -3.9120,-0.9200 -3.6120,-1.4790 -3.2880,-2.0260 -2.7710,-1.8660 -2.2790,-1.6550 -1.8130,-1.3910 -1.3730,-1.0760 -1.5230,-0.4800 -1.6670,0.1170 -1.8050,0.7150
b Some(2) false 1.5000,6.5850 1.6740,6.1380 1.9070,5.7300 2.1980,5.3610 2.5470,5.0320 2.9510,5.3500 3.3750,5.6340 3.8210,5.8830 4.2880,6.0980 4.0750,6.4440 3.8920,6.8040 3.7380,7.1770 3.6150,7.5640 3.2640,7.4980 2.9130,7.4700 2.5600,7.4780 2.2060,7.5230 1.9970,7.3130 1.8100,7.0860 1.6440,6.8440
b Some(5) false -2.6230,3.8050 -2.3580,3.9620 -2.1020,4.1340 -1.8570,4.3200 -1.6220,4.5200 -1.9280,5.0710 -2.2190,5.6290 -2.4960,6.1950 -2.7580,6.7680 -2.9510,6.1500 -3.2050,5.5630 -3.5220,5.0070 -3.9000,4.4820 -3.5740,4.3250 -3.2530,4.1600 -2.9360,3.9860
b Some(7) false -1.6220,4.5200 -1.2480,4.7600 -0.8680,4.9910 -0.4830,5.2130 -0.0930,5.4260 -0.1020,5.7760 -0.0710,6.1190 0.0010,6.4570 0.1140,6.7880 -0.6030,6.6380 -1.3210,6.5850 -2.0390,6.6280 -2.7580,6.7680 -2.4960,6.1950 -2.2190,5.6290 -1.9280,5.0710
b Some(8) false -3.2960,1.0290 -3.6990,1.5160 -4.0440,2.0380 -4.3290,2.5940 -4.5550,3.1840 -4.9690,2.8440 -5.3290,2.4600 -5.6360,2.0320 -5.8890,1.5600 -5.5920,1.1580 -5.2530,0.8030 -4.8700,0.4940 -4.4440,0.2330 -4.1770,0.4600 -3.8960,0.6690 -3.6030,0.8580
b Some(6) false 0.1140,6.7880 0.4500,6.6630 0.7930,6.5880 1.1430,6.5620 1.5000,6.5850 1.6440,6.8440 1.8100,7.0860 1.9970,7.3130 2.2060,7.5230 1.9810,8.1190 1.7930,8.7240 1.6430,9.3410 1.5290,9.9670 1.0250,9.8640 0.5430,9.7070 0.0810,9.4960 -0.3590,9.2310 -0.3780,8.5940 -0.3050,7.9740 -0.1410,7.3720
b Some(6) false -2.7580,6.7680 -2.0390,6.6280 -1.3210,6.5850 -0.6030,6.6380 0.1140,6.7880 -0.1410,7.3720 -0.3050,7.9740 -0.3780,8.5940 -0.3590,9.2310 -1.0450,9.0890 -1.7320,8.9500 -2.4190,8.8150 -3.1070,8.6840 -2.9420,8.2190 -2.8290,7.7450 -2.7680,7.2610
b Some(13) false 4.1360,-0.2300 3.9390,-0.4720 3.7410,-0.7120 3.5390,-0.9500 3.3360,-1.1860 3.8780,-1.5270 4.4280,-1.8540 4.9870,-2.1670 5.5540,-2.4650 5.9200,-3.0430 6.3460,-3.5660 6.8310,-4.0350 7.3760,-4.4490 7.7760,-3.9810 8.1640,-3.5030 8.5400,-3.0160 8.9040,-2.5200 8.3890,-2.1870 7.8720,-1.8570 7.3530,-1.5300 6.8320,-1.2060 6.8020,-0.8800 6.7810,-0.5530 6.7700,-0.2260 6.7680,0.1020 6.1170,-0.0340 5.4610,-0.1340 4.8010,-0.2000
b Some(17) false 3.3360,-1.1860 3.0300,-1.1140 2.7210,-1.0710 2.4090,-1.0560 2.0950,-1.0690 1.7330,-1.5050 1.3970,-1.9600 1.0900,-2.4340 0.8090,-2.9270 0.4760,-2.9960 0.1420,-3.0250 -0.1940,-3.0150 -0.5300,-2.9650 -0.8370,-3.3040 -1.1800,-3.5930 -1.5610,-3.8310 -1.9780,-4.0180 -1.5650,-4.5090 -1.1340,-4.9830 -0.6840,-5.4390 -0.2160,-5.8780 0.5550,-5.6960 1.2970,-5.4430 2.0120,-5.1190 2.6990,-4.7250 3.0570,-4.6330 3.4150,-4.5410 3.7730,-4.4500 4.1310,-4.3600 4.4380,-3.8490 4.7770,-3.3630 5.1490,-2.9020 5.5540,-2.4650 4.9870,-2.1670 4.4280,-1.8540 3.8780,-1.5270
b Some(13) false 6.7680,0.1020 6.7700,-0.2260 6.7810,-0.5530 6.8020,-0.8800 6.8320,-1.2060 7.3530,-1.5300 7.8720,-1.8570 8.3890,-2.1870 8.9040,-2.5200 9.2370,-1.7970 9.4760,-1.0490 9.6190,-0.2780 9.6670,0.5170 8.9220,0.5540 8.1910,0.4970 7.4730,0.3460
b Some(1) false 5.3040,4.7760 5.5990,4.5170 5.9020,4.2660 6.2110,4.0240 6.5270,3.7910 7.0570,4.1450 7.5450,4.5470 7.9900,4.9950 8.3920,5.4900 7.6830,5.6430 6.9740,5.7970 6.2650,5.9520 5.5570,6.1090 5.5040,5.7740 5.4440,5.4400 5.3780,5.1070
b Some(15) false 6.5270,3.7910 6.7410,3.5260 6.9720,3.2790 7.2210,3.0500 7.4880,2.8390 7.7750,2.7510 8.0580,2.6560 8.3400,2.5530 8.6180,2.4420 8.8220,2.8540 9.0360,3.2610 9.2580,3.6630 9.4900,4.0600 9.2470,4.4420 8.9830,4.8070 8.6980,5.1570 8.3920,5.4900 7.9900,4.9950 7.5450,4.5470 7.0570,4.1450
b Some(24) false 4.2880,6.0980 4.6050,6.1020 4.9220,6.1050 5.2400,6.1080 5.5570,6.1090 5.7850,6.4500 6.0100,6.7940 6.2310,7.1400 6.4490,7.4880 5.9570,7.7600 5.4810,8.0580 5.0210,8.3800 4.5780,8.7270 4.3150,8.4550 4.0660,8.1700 3.8330,7.8730 3.6150,7.5640 3.7380,7.1770 3.8920,6.8040 4.0750,6.4440
b Some(24) false 5.5570,6.1090 6.2650,5.9520 6.9740,5.7970 7.6830,5.6430 8.3920,5.4900 8.3690,6.0110 8.3130,6.5280 8.2250,7.0400 8.1050,7.5480 7.6910,7.5280 7.2770,7.5120 6.8630,7.4980 6.4490,7.4880 6.2310,7.1400 6.0100,6.7940 5.7850,6.4500
b Some(6) false -3.1070,8.6840 -2.4190,8.8150 -1.7320,8.9500 -1.0450,9.0890 -0.3590,9.2310 0.0810,9.4960 0.5430,9.7070 1.0250,9.8640 1.5290,9.9670 1.2340,10.3700 0.9370,10.7700 0.6370,11.1690 0.3350,11.5660 -0.1100,11.3950 -0.5620,11.2450 -1.0200,11.1140 -1.4840,11.0030 -1.8840,10.8730 -2.2890,10.7620 -2.6980,10.6690 -3.1120,10.5960 -3.0420,10.1180 -3.0180,9.6400 -3.0400,9.1620
b Some(20) false -3.1070,8.6840 -3.0400,9.1620 -3.0180,9.6400 -3.0420,10.1180 -3.1120,10.5960 -3.4850,11.1030 -3.8750,11.5950 -4.2830,12.0730 -4.7090,12.5370 -5.0510,11.6500 -5.2870,10.7420 -5.4170,9.8130 -5.4410,8.8630 -4.8470,8.9500 -4.2610,8.9490 -3.6800,8.8600
b Some(6) false -3.1120,10.5960 -2.6980,10.6690 -2.2890,10.7620 -1.8840,10.8730 -1.4840,11.0030 -1.0200,11.1140 -0.5620,11.2450 -0.1100,11.3950 0.3350,11.5660 0.2310,11.8660 0.1070,12.1560 -0.0390,12.4360 -0.2050,12.7070 -0.5950,12.6350 -0.9810,12.5480 -1.3630,12.4470 -1.7420,12.3310 -2.0670,12.5120 -2.3660,12.7250 -2.6380,12.9700 -2.8850,13.2480 -3.3620,13.1240 -3.8250,12.9650 -4.2740,12.7690 -4.7090,12.5370 -4.2830,12.0730 -3.8750,11.5950 -3.4850,11.1030
b Some(9) false -4.4440,0.2330 -4.8700,0.4940 -5.2530,0.8030 -5.5920,1.1580 -5.8890,1.5600 -6.2880,1.3630 -6.6640,1.1310 -7.0140,0.8630 -7.3410,0.5600 -7.4080,0.2000 -7.4620,-0.1610 -7.5050,-0.5240 -7.5350,-0.8880 -7.3480,-1.1750 -7.1510,-1.4540 -6.9440,-1.7250 -6.7270,-1.9890 -6.4820,-1.7980 -6.2270,-1.6240 -5.9610,-1.4670 -5.6840,-1.3260 -5.4040,-0.9120 -5.1040,-0.5150 -4.7840,-0.1330
b Some(9) false -4.4440,0.2330 -4.7840,-0.1330 -5.1040,-0.5150 -5.4040,-0.9120 -5.6840,-1.3260 -5.9610,-1.4670 -6.2270,-1.6240 -6.4820,-1.7980 -6.7270,-1.9890 -6.4390,-2.6460 -6.1180,-3.2860 -5.7640,-3.9070 -5.3760,-4.5110 -5.1480,-3.9960 -4.9070,-3.4870 -4.6520,-2.9850 -4.3840,-2.4900 -4.1040,-2.3880 -3.8280,-2.2770 -3.5560,-2.1560 -3.2880,-2.0260 -3.6120,-1.4790 -3.9120,-0.9200 -4.1900,-0.3500
b Some(9) false -6.7270,-1.9890 -6.9440,-1.7250 -7.1510,-1.4540 -7.3480,-1.1750 -7.5350,-0.8880 -7.8430,-0.9740 -8.1510,-1.0620 -8.4580,-1.1520 -8.7640,-1.2440 -8.9920,-1.6490 -9.2550,-2.0270 -9.5530,-2.3780 -9.8870,-2.7010 -9.3920,-2.9820 -8.9250,-3.2990 -8.4850,-3.6530 -8.0720,-4.0440 -7.7100,-3.5470 -7.3650,-3.0390 -7.0370,-2.5200
b Some(9) false -5.3760,-4.5110 -5.7640,-3.9070 -6.1180,-3.2860 -6.4390,-2.6460 -6.7270,-1.9890 -7.0370,-2.5200 -7.3650,-3.0390 -7.7100,-3.5470 -8.0720,-4.0440 -7.7750,-4.2180 -7.4840,-4.4010 -7.2000,-4.5950 -6.9230,-4.7990 -6.5350,-4.7320 -6.1480,-4.6620 -5.7620,-4.5880
b Some(9) false -3.2880,-2.0260 -3.5560,-2.1560 -3.8280,-2.2770 -4.1040,-2.3880 -4.3840,-2.4900 -4.6520,-2.9850 -4.9070,-3.4870 -5.1480,-3.9960 -5.3760,-4.5110 -4.8830,-4.6750 -4.3830,-4.8050 -3.8750,-4.9010 -3.3590,-4.9640 -3.0670,-4.6500 -2.7390,-4.3870 -2.3760,-4.1770 -1.9780,-4.0180 -2.4030,-3.5840 -2.7630,-3.1070 -3.0580,-2.5880
b Some(11) false -3.2880,-2.0260 -3.0580,-2.5880 -2.7630,-3.1070 -2.4030,-3.5840 -1.9780,-4.0180 -1.5610,-3.8310 -1.1800,-3.5930 -0.8370,-3.3040 -0.5300,-2.9650 -0.8280,-2.5320 -1.0680,-2.0730 -1.2500,-1.5870 -1.3730,-1.0760 -1.8130,-1.3910 -2.2790,-1.6550 -2.7710,-1.8660
b Some(9) false -8.0720,-4.0440 -8.4850,-3.6530 -8.9250,-3.2990 -9.3920,-2.9820 -9.8870,-2.7010 -10.1910,-3.1590 -10.5500,-3.5590 -10.9650,-3.9000 -11.4350,-4.1840 -11.6050,-4.7480 -11.8340,-5.2820 -12.1220,-5.7860 -12.4700,-6.2610 -12.1010,-6.2950 -11.7440,-6.3750 -11.4020,-6.5000 -11.0720,-6.6700 -10.8070,-6.4420 -10.5750,-6.1870 -10.3780,-5.9050 -10.2150,-5.5960 -9.8530,-5.4090 -9.4780,-5.2600 -9.0900,-5.1480 -8.6890,-5.0740 -8.5060,-4.8330 -8.3430,-4.5820 -8.1980,-4.3180
b Some(18) false 5.5540,-2.4650 5.1490,-2.9020 4.7770,-3.3630 4.4380,-3.8490 4.1310,-4.3600 4.5530,-4.6960 4.9810,-5.0260 5.4120,-5.3500 5.8490,-5.6680 6.2490,-5.3870 6.6370,-5.0900 7.0130,-4.7770 7.3760,-4.4490 6.8310,-4.0350 6.3460,-3.5660 5.9200,-3.0430
b Some(19) false 4.1310,-4.3600 3.7730,-4.4500 3.4150,-4.5410 3.0570,-4.6330 2.6990,-4.7250 2.7070,-5.0420 2.6750,-5.3530 2.6040,-5.6570 2.4940,-5.9550 2.8860,-6.2490 3.2590,-6.5630 3.6130,-6.8990 3.9490,-7.2550 3.8650,-7.7470 3.7810,-8.2380 3.6950,-8.7300 3.6080,-9.2210 4.0480,-9.2770 4.4800,-9.3670 4.9040,-9.4900 5.3200,-9.6460 5.4770,-9.3400 5.6680,-9.0600 5.8920,-8.8060 6.1510,-8.5790 6.0840,-8.1500 5.9860,-7.7290 5.8560,-7.3170 5.6950,-6.9140 5.7540,-6.6050 5.7990,-6.2940 5.8310,-5.9820 5.8490,-5.6680 5.4120,-5.3500 4.9810,-5.0260 4.5530,-4.6960
b Some(17) false 2.6990,-4.7250 2.0120,-5.1190 1.2970,-5.4430 0.5550,-5.6960 -0.2160,-5.8780 0.1420,-6.2260 0.4940,-6.5800 0.8390,-6.9400 1.1780,-7.3060 1.5430,-7.0030 1.8840,-6.6770 2.2010,-6.3280 2.4940,-5.9550 2.6040,-5.6570 2.6750,-5.3530 2.7070,-5.0420
b Some(15) false 8.6180,2.4420 8.7850,1.9090 9.0160,1.4110 9.3100,0.9470 9.6670,0.5170 10.0240,1.0870 10.4170,1.6290 10.8470,2.1420 11.3130,2.6260 11.4730,3.0510 11.5940,3.4840 11.6770,3.9270 11.7210,4.3780 11.1740,4.2240 10.6200,4.1200 10.0580,4.0650 9.4900,4.0600 9.2580,3.6630 9.0360,3.2610 8.8220,2.8540
b Some(22) false 11.3130,2.6260 10.8470,2.1420 10.4170,1.6290 10.0240,1.0870 9.6670,0.5170 10.0760,0.3960 10.4610,0.2270 10.8210,0.0120 11.1580,-0.2500 11.5610,-0.2190 11.9640,-0.1820 12.3660,-0.1380 12.7670,-0.0890 12.8000,0.3890 12.8640,0.8620 12.9600,1.3300 13.0880,1.7920 12.6400,1.9920 12.1950,2.1970 11.7530,2.4090
b Some(15) false 9.4900,4.0600 10.0580,4.0650 10.6200,4.1200 11.1740,4.2240 11.7210,4.3780 11.3450,4.8750 11.0110,5.3970 10.7180,5.9430 10.4670,6.5130 9.9160,6.3240 9.3860,6.0900 8.8780,5.8120 8.3920,5.4900 8.6980,5.1570 8.9830,4.8070 9.2470,4.4420
b Some(25) false 11.7210,4.3780 11.6770,3.9270 11.5940,3.4840 11.4730,3.0510 11.3130,2.6260 11.7530,2.4090 12.1950,2.1970 12.6400,1.9920 13.0880,1.7920 13.3010,2.0360 13.5110,2.2830 13.7170,2.5330 13.9210,2.7850 13.7510,3.2130 13.5820,3.6410 13.4150,4.0700 13.2490,4.4990 12.8640,4.5030 12.4810,4.4840 12.1000,4.4420
b Some(15) false 8.3920,5.4900 8.8780,5.8120 9.3860,6.0900 9.9160,6.3240 10.4670,6.5130 10.5000,6.8760 10.5170,7.2390 10.5180,7.6030 10.5030,7.9670 10.0770,8.1360 9.6880,8.3600 9.3370,8.6390 9.0240,8.9740 8.7730,8.6310 8.5370,8.2790 8.3140,7.9180 8.1050,7.5480 8.2250,7.0400 8.3130,6.5280 8.3690,6.0110
b Some(13) false 8.9040,-2.5200 8.5400,-3.0160 8.1640,-3.5030 7.7760,-3.9810 7.3760,-4.4490 7.7300,-4.8410 8.1150,-5.1960 8.5300,-5.5160 8.9750,-5.7990 9.3820,-5.2780 9.7960,-4.7630 10.2170,-4.2530 10.6440,-3.7480 10.2320,-3.4090 9.8040,-3.0910 9.3620,-2.7950
b Some(19) false 6.1510,-8.5790 5.8920,-8.8060 5.6680,-9.0600 5.4770,-9.3400 5.3200,-9.6460 5.5060,-10.1110 5.6470,-10.5870 5.7450,-11.0730 5.7990,-11.5710 6.2430,-11.3630 6.6970,-11.1850 7.1610,-11.0350 7.6360,-10.9140 7.6690,-10.5100 7.6590,-10.1090 7.6080,-9.7110 7.5150,-9.3170 7.1910,-9.1000 6.8560,-8.9050 6.5090,-8.7310
b Some(21) false -5.4410,8.8630 -5.4170,9.8130 -5.2870,10.7420 -5.0510,11.6500 -4.7090,12.5370 -5.3480,12.3680 -5.9930,12.2290 -6.6430,12.1180 -7.2990,12.0360 -7.3610,11.3450 -7.3940,10.6530 -7.3980,9.9600 -7.3730,9.2670 -6.8880,9.1760 -6.4040,9.0790 -5.9220,8.9740
b Some(27) false -5.4410,8.8630 -5.9220,8.9740 -6.4040,9.0790 -6.8880,9.1760 -7.3730,9.2670 -7.4590,8.8200 -7.5820,8.3850 -7.7430,7.9620 -7.9410,7.5520 -7.6040,7.1730 -7.2900,6.7770 -7.0010,6.3630 -6.7350,5.9310 -6.4110,6.2230 -6.0820,6.5090 -5.7460,6.7870 -5.4040,7.0580 -5.4620,7.5080 -5.4870,7.9590 -5.4800,8.4110
b Some(21) false -7.3730,9.2670 -7.3980,9.9600 -7.3940,10.6530 -7.3610,11.3450 -7.2990,12.0360 -7.7860,12.1730 -8.2790,12.2410 -8.7750,12.2400 -9.2770,12.1710 -9.5290,11.7170 -9.7260,11.2430 -9.8660,10.7500 -9.9510,10.2370 -9.2880,10.0450 -8.6370,9.8190 -7.9990,9.5600
b Some(21) false -9.9510,10.2370 -9.8660,10.7500 -9.7260,11.2430 -9.5290,11.7170 -9.2770,12.1710 -9.4370,12.5350 -9.6250,12.8820 -9.8420,13.2120 -10.0870,13.5250 -10.4630,13.5900 -10.8410,13.6200 -11.2190,13.6130 -11.5990,13.5710 -11.8190,13.2330 -11.9990,12.8770 -12.1380,12.5040 -12.2360,12.1130 -11.6390,11.6750 -11.0600,11.2160 -10.4970,10.7370
b Some(26) false 10.6440,-3.7480 10.2170,-4.2530 9.7960,-4.7630 9.3820,-5.2780 8.9750,-5.7990 9.3620,-6.1560 9.7070,-6.5480 10.0100,-6.9720 10.2700,-7.4310 10.5730,-7.3350 10.8800,-7.2580 11.1920,-7.1990 11.5070,-7.1580 11.5020,-6.5710 11.5610,-5.9940 11.6860,-5.4270 11.8750,-4.8710 11.5770,-4.5790 11.2730,-4.2950 10.9620,-4.0180
b Some(27) false -6.7350,5.9310 -7.0010,6.3630 -7.2900,6.7770 -7.6040,7.1730 -7.9410,7.5520 -8.4390,7.3980 -8.9440,7.3190 -9.4540,7.3170 -9.9710,7.3910 -10.0570,7.0280 -10.1920,6.6900 -10.3770,6.3750 -10.6100,6.0840 -10.0940,5.8960 -9.6180,5.6450 -9.1810,5.3300 -8.7840,4.9510 -8.2590,5.1690 -7.7430,5.4050 -7.2350,5.6590
L 229
l 0 [0] 2.4840,1.9490 2.0430,1.9740 1.6130,2.0480 1.1950,2.1710 0.9070,2.2930 0.7410,0.0790 0.8360,0.0430 1.3080,0.4670 1.7400,0.9260 2.1320,1.4200
l 0 [2] -1.1990,2.1670 -1.5630,1.7370 -1.9380,1.3150 -1.2650,0.9510 -0.5790,0.6180
l 0 [] 0.7880,2.3430 0.4480,2.4880 0.1200,2.6550 -0.0280,2.7430 -0.2000,0.4540 0.1220,0.3150
l 0 [] -0.1970,2.8440 -0.5010,3.0540 -0.8450,2.6060 -1.1810,2.1900 -0.3640,1.8690
l 1 [11] 0.7880,2.3430 1.1950,2.1710 1.6130,2.0480 2.0430,1.9740 2.4840,1.9490 2.2020,2.4520 1.9520,2.9690 1.7350,3.5010 1.5510,4.0480 1.3400,3.6310 1.1430,3.2070 0.9590,2.7780
l 2 [9] 2.9750,-1.1060 3.0300,-1.1140 3.3360,-1.1860 3.5390,-0.9500 3.7410,-0.7120 3.9390,-0.4720 4.1360,-0.2300 4.0760,0.0600 4.0190,0.3500 3.9670,0.6420
l 2 [] 2.1320,1.4200 1.7400,0.9260 1.3080,0.4670 0.8360,0.0430 1.0360,-0.1330 2.4070,0.2590
l 2 [] 2.4840,1.9490 2.3700,1.7770 2.6410,0.4820 3.9400,0.8050 3.9190,0.9340 3.6070,1.2540 3.2640,1.5300 2.8900,1.7620
l 2 [] 1.1510,-0.2350 1.4650,-0.5130 1.7800,-0.7910 2.0950,-1.0690 2.4090,-1.0560 2.7210,-1.0710
l 3 [3] 2.4840,1.9490 2.7790,2.3370 3.1010,2.6990 3.4490,3.0360 3.8240,3.3480 3.6230,3.6080 1.8470,3.2260 1.9520,2.9690 2.2020,2.4520
l 3 [] 3.5010,3.7660 3.1800,4.1860 2.8620,4.6080 2.5470,5.0320 2.3200,4.7640 2.0780,4.5100 1.8220,4.2720 1.5510,4.0480 1.7350,3.5010
l 4 [1] 3.1010,2.6990 2.7790,2.3370 2.4840,1.9490 2.8900,1.7620 3.2640,1.5300 3.6070,1.2540 3.9190,0.9340 4.1310,1.2730 4.3480,1.6080 4.5710,1.9390
l 4 [] 3.8240,3.3480 3.4490,3.0360 3.1770,2.7720 4.6390,2.0370 4.7990,2.2670 4.5570,2.5390 4.3140,2.8100 4.0700,3.0800
l 5 [4] -0.5010,3.0540 -0.1970,2.8440 0.1200,2.6550 0.4480,2.4880 0.7880,2.3430 0.9590,2.7780 1.0540,2.9990 -0.3860,3.2250
l 5 [8] 1.1430,3.2070 1.3400,3.6310 1.5250,3.9970 0.3290,4.1850 0.1750,3.9940 -0.0600,3.6870 -0.2850,3.3740
l 5 [] 1.5510,4.0480 1.8220,4.2720 2.0780,4.5100 2.3200,4.7640 2.5470,5.0320 2.4980,5.0780 0.9320,5.3240 0.7600,4.2200
l 5 [] 0.9320,5.3240 -0.0950,5.4850 -0.0930,5.4260 0.0140,5.1340 0.1350,4.8480 0.2700,4.5680 0.4180,4.2940 0.7600,4.2200
l 5 [] 2.1980,5.3610 1.9070,5.7300 1.6740,6.1380 1.5000,6.5850 1.1430,6.5620 0.7930,6.5880 0.4500,6.6630 0.1140,6.7880 0.0010,6.4570 -0.0710,6.1190 -0.1020,5.7760
l 6 [62] -0.5790,0.6180 -0.8840,0.7660 -1.4820,-0.6430 -1.3730,-1.0760 -0.8340,-0.7700
l 6 [63] 0.8360,0.0430 0.1220,0.3150 -0.0040,0.3700 -0.3880,-0.5350 -0.2860,-0.4810 0.2700,-0.2100
l 6 [] -1.2650,0.9510 -1.9380,1.3150 -1.8050,0.7150 -1.6670,0.1170 -1.5230,-0.4800
l 7 [44] -0.6370,-2.8100 -0.5300,-2.9650 -0.1940,-3.0150 0.1420,-3.0250 0.4760,-2.9960 0.8090,-2.9270 1.0900,-2.4340 0.3800,-1.8200
l 7 [] 0.1310,-1.4230 1.0920,-2.4310 1.3970,-1.9600 1.7330,-1.5050
l 7 [] 2.0950,-1.0690 1.7800,-0.7910 1.4650,-0.5130 1.1510,-0.2350 1.0360,-0.1340 0.3920,-1.0510 1.7980,-1.4270
l 7 [] -0.8340,-0.7700 -1.3730,-1.0760 -1.2500,-1.5870 -1.0680,-2.0730 -0.8280,-2.5320 -0.6370,-2.8100 0.3800,-1.8200
l 7 [] 0.8360,0.0430 0.2700,-0.2100 -0.2860,-0.4810 -0.6060,-0.6500
l 8 [12] 3.8240,3.3480 4.0700,3.0800 4.3140,2.8100 4.5570,2.5390 4.7990,2.2670 5.1780,2.5240 4.2310,3.7220 4.2030,3.6960
l 8 [] 5.2790,2.5930 5.7280,2.9560 5.8020,3.0270 4.8110,4.2810 4.5760,4.0500
l 8 [] 6.1430,3.3550 6.5270,3.7910 6.2110,4.0240 5.9020,4.2660 5.5990,4.5170 5.3040,4.7760 4.9430,4.4100
l 9 [13] 3.2160,4.1390 3.5010,3.7660 3.8240,3.3480 4.2030,3.6960 4.5760,4.0500 4.9430,4.4100 4.9830,4.4510 4.3250,5.2560
l 9 [] 2.5470,5.0320 2.8620,4.6080 3.1800,4.1860 3.2160,4.1390 4.3250,5.2560 3.8150,5.8800 3.3750,5.6340 2.9510,5.3500
l 9 [] 4.9830,4.4510 5.3040,4.7760 5.3780,5.1070 5.4440,5.4400 5.5040,5.7740 5.5570,6.1090 5.2400,6.1080 4.9220,6.1050 4.6050,6.1020 4.2880,6.0980 3.8210,5.8830 3.8150,5.8800
l 10 [10] 5.1960,-0.1600 5.4610,-0.1340 6.1170,-0.0340 6.7680,0.1020 6.9110,0.1520 6.6320,1.6020 6.6080,1.5690 6.3010,1.1560 5.8970,1.3960
l 10 [36] 4.5710,1.9390 4.3480,1.6080 4.1310,1.2730 3.9190,0.9340 3.9670,0.6420 4.0190,0.3500 4.0760,0.0600 4.1360,-0.2300 4.8010,-0.2000
l 10 [] 7.4730,0.3460 8.1910,0.4970 8.3350,0.5080 8.0750,1.8580 7.0250,1.6500
l 10 [] 8.9220,0.5540 9.6670,0.5170 9.3100,0.9470 9.0160,1.4110 8.7850,1.9090 8.6180,2.4420 8.3400,2.5530 8.0580,2.6560
l 10 [] 4.7990,2.2670 4.7440,2.1880 4.9870,0.9280 5.8790,1.4090 5.5120,1.6610 5.1460,1.9510
l 10 [] 7.9120,2.7050 7.7750,2.7510 7.4880,2.8390 7.2020,2.4110 6.9090,1.9870
l 11 [31] 5.5120,1.6610 5.8970,1.3960 6.3010,1.1560 6.6080,1.5690 6.9090,1.9870 6.9640,2.0670
l 11 [] 4.7990,2.2670 5.1460,1.9510 5.4500,1.7100 6.1750,2.8650 5.9110,3.1320 5.7280,2.9560 5.2790,2.5930
l 11 [] 7.2020,2.4110 7.4880,2.8390 7.2210,3.0500 6.9720,3.2790 6.7410,3.5260 6.5270,3.7910 6.1430,3.3550
l 12 [5] -1.9380,1.3150 -1.5630,1.7370 -1.1990,2.1670 -0.8450,2.6060 -0.8090,2.6520 -2.3140,2.5350 -2.1370,1.9300
l 12 [] -0.5010,3.0540 -0.8210,3.3900 -0.8660,3.4440 -2.5120,3.3160 -2.4800,3.1750 -2.3180,2.5500
l 12 [] -1.1150,3.7460 -1.3820,4.1230 -1.6220,4.5200 -1.8570,4.3200 -2.1020,4.1340 -2.3580,3.9620 -2.6230,3.8050
l 13 [6] -0.5010,3.0540 -0.2850,3.3740 -0.0600,3.6870 0.1750,3.9940 0.3820,4.2500 -1.1510,4.8190 -1.2480,4.7600 -1.6220,4.5200 -1.3820,4.1230 -1.1150,3.7460 -0.8210,3.3900
l 13 [] 0.4180,4.2940 0.2700,4.5680 0.1350,4.8480 0.0140,5.1340 -0.0930,5.4260 -0.4830,5.2130 -0.8680,4.9910
l 14 [7] -1.9380,1.3150 -2.1370,1.9300 -2.1710,2.0460 -3.6150,1.4140 -3.2960,1.0290 -2.9650,1.1390 -2.6280,1.2240 -2.2860,1.2820
l 14 [] -2.3180,2.5500 -2.4380,3.0150 -4.1580,2.2610 -4.0440,2.0380 -3.6990,1.5160
l 14 [] -2.4800,3.1750 -2.6230,3.8050 -2.6900,3.8440 -4.5040,3.0500 -4.3290,2.5940
l 14 [] -2.6900,3.8440 -2.9360,3.9860 -3.2530,4.1600 -3.5740,4.3250 -3.9000,4.4820 -4.0930,4.1720 -4.2670,3.8530 -4.4210,3.5230 -4.5550,3.1840 -4.5040,3.0500
l 15 [29] -3.9120,-0.9200 -3.6120,-1.4790 -3.2880,-2.0260 -2.7710,-1.8660 -2.5930,-1.7900 -2.8530,-0.7250
l 15 [] -2.5930,-1.7900 -2.2790,-1.6550 -1.8130,-1.3910 -1.3730,-1.0760 -1.5230,-0.4800 -2.8530,-0.7250
l 15 [] -3.2960,1.0290 -3.6030,0.8580 -3.8960,0.6690 -4.1770,0.4600 -4.4440,0.2330 -4.1900,-0.3500 -4.0930,-0.5500
l 15 [] -1.9380,1.3150 -2.2860,1.2820 -2.6280,1.2240 -2.9650,1.1390 -3.1690,1.0710 -2.7980,-0.3200 -1.6120,-0.1100 -1.6670,0.1170 -1.8050,0.7150
l 16 [14] 1.5000,6.5850 1.6740,6.1380 1.9070,5.7300 2.1980,5.3610 2.5470,5.0320 2.6040,5.0770 2.6240,7.4770 2.5600,7.4780 2.2060,7.5230 1.9970,7.3130 1.8100,7.0860 1.6440,6.8440
l 16 [] 2.9510,5.3500 3.3750,5.6340 3.8210,5.8830 4.2880,6.0980 4.0750,6.4440 3.8920,6.8040 3.7380,7.1770 3.6150,7.5640 3.2640,7.4980 2.9130,7.4700
l 17 [15] -3.2780,5.4350 -3.5220,5.0070 -3.9000,4.4820 -3.5740,4.3250 -3.2530,4.1600
l 17 [] -2.6230,3.8050 -2.3580,3.9620 -2.2300,4.0480 -2.1730,5.4790 -2.9270,5.4490 -2.9840,4.0120 -2.9360,3.9860
l 17 [] -2.2190,5.6290 -2.4960,6.1950 -2.7580,6.7680 -2.9510,6.1500 -3.2050,5.5630
l 17 [] -2.1020,4.1340 -1.8570,4.3200 -1.6220,4.5200 -1.9280,5.0710 -2.1410,5.4800
l 18 [16] -1.2480,4.7600 -0.8680,4.9910 -0.4830,5.2130 -0.0930,5.4260 -0.1020,5.7760 -0.0710,6.1190 0.0010,6.4570 0.1140,6.7880 -0.6030,6.6380 -1.3210,6.5850
l 18 [] -1.6220,4.5200 -1.6030,4.5320 -1.6860,6.6070 -2.0390,6.6280 -2.7580,6.7680 -2.4960,6.1950 -2.2190,5.6290 -1.9280,5.0710
l 19 [21] -3.2960,1.0290 -3.6990,1.5160 -3.8750,1.7830 -5.4060,0.9640 -5.2530,0.8030 -4.8700,0.4940 -4.4440,0.2330 -4.1770,0.4600 -3.8960,0.6690 -3.6030,0.8580
l 19 [] -4.0440,2.0380 -4.3290,2.5940 -4.5550,3.1840 -4.9690,2.8440 -5.3290,2.4600 -5.6360,2.0320 -5.8890,1.5600 -5.5920,1.1580
l 20 [71] 0.1140,6.7880 0.4500,6.6630 0.5930,6.6320 0.3190,7.9140 -0.2560,7.7950 -0.1410,7.3720
l 20 [] 1.7930,8.7240 1.6430,9.3410 1.5290,9.9670 1.0250,9.8640 0.5430,9.7070 0.3960,9.6400 1.0360,8.4530
l 20 [] 0.5930,6.6320 0.7930,6.5880 1.1430,6.5620 1.2800,6.5710 0.9650,8.0470 0.3190,7.9140
l 20 [] 1.5000,6.5850 1.6440,6.8440 1.8100,7.0860 1.9970,7.3130 2.2060,7.5230 1.9810,8.1190 1.9400,8.2490
l 20 [] 0.0810,9.4960 -0.3590,9.2310 -0.3780,8.5940 -0.3050,7.9740
l 21 [17] -1.3210,6.5850 -0.6840,6.6320 -0.8350,7.2600 -1.4200,7.1530
l 21 [] -2.7580,6.7680 -2.0390,6.6280 -2.0150,6.6270 -1.8600,7.9440 -2.8640,7.8920 -2.8290,7.7450 -2.7680,7.2610
l 21 [] -0.3780,8.5940 -0.3590,9.2310 -1.0450,9.0890 -1.7320,8.9500
l 21 [] -0.6030,6.6380 0.1140,6.7880 -0.1410,7.3720 -0.1450,7.3860
l 21 [] -0.3050,7.9740 -0.3220,8.1160 -1.5480,7.8910
l 21 [] -1.7420,8.9480 -2.4190,8.8150 -3.1070,8.6840 -2.9420,8.2190
l 22 [32] 6.8310,-4.0350 7.3760,-4.4490 7.7760,-3.9810 8.1180,-3.5590 7.2920,-3.0700
l 22 [33] 5.9340,-3.0600 6.3460,-3.5660 6.4960,-3.7110 7.2130,-2.6560 6.6210,-2.4370
l 22 [] 8.1180,-3.5590 8.1640,-3.5030 8.5400,-3.0160 8.9040,-2.5200 8.3890,-2.1870 7.8720,-1.8570 7.2920,-3.0700
l 22 [] 5.5540,-2.4650 5.9200,-3.0430 5.9340,-3.0600 6.6210,-2.4370 5.7730,-2.1240
l 22 [] 3.7410,-0.7120 3.5390,-0.9500 3.3360,-1.1860 3.8780,-1.5270 4.4280,-1.8540 4.4670,-1.8760
l 22 [] 4.9870,-2.1670 5.3800,-2.3740 6.7730,-0.3220 6.7700,-0.2260 6.7680,0.1020 6.1170,-0.0340
l 22 [] 4.1360,-0.2300 3.9390,-0.4720 3.9300,-0.4830 4.7140,-1.5120 5.1030,-0.9380 4.5490,-0.2110
l 22 [] 7.7900,-1.8060 7.3530,-1.5300 6.8320,-1.2060 6.8020,-0.8800 6.7810,-0.5530
l 22 [] 5.6720,-0.1020 5.4610,-0.1340 4.8010,-0.2000
l 23 [34] -0.8370,-3.3040 -1.1800,-3.5930 -1.5610,-3.8310 -1.9780,-4.0180 -1.5650,-4.5090 -1.1340,-4.9830 -0.6840,-5.4390 -0.2160,-5.8780
l 23 [35] 0.8090,-2.9270 0.4760,-2.9960 0.1420,-3.0250 -0.1340,-3.0170 -0.0030,-3.9810 0.9630,-3.7190
l 23 [45] -0.1940,-3.0150 -0.5300,-2.9650 -0.8040,-3.2670 -0.5020,-4.1160
l 23 [46] 3.6530,-4.4800 3.7730,-4.4500 4.1310,-4.3600 4.4380,-3.8490 4.7770,-3.3630 5.1490,-2.9020 5.5540,-2.4650 4.9870,-2.1670
l 23 [47] 1.2180,-2.2370 1.0900,-2.4340 0.8810,-2.8000 1.1350,-3.5130 1.9240,-3.3320 1.7860,-2.1070
l 23 [48] 3.0630,-2.8230 4.7870,-2.0550 4.4280,-1.8540
l 23 [] 2.4090,-1.0560 2.0950,-1.0690 1.7330,-1.5050 1.3970,-1.9600 1.2180,-2.2370 2.6550,-1.9080
l 23 [] 3.3360,-1.1860 3.0300,-1.1140 2.7210,-1.0710 2.4340,-1.0570 2.8110,-2.1140 3.9850,-1.5910 3.8780,-1.5270
l 23 [] 1.9240,-3.3320 2.9950,-3.0870 2.6550,-1.9080 1.7860,-2.1070
l 23 [] 0.0990,-5.8040 0.5550,-5.6960 1.2970,-5.4430
l 23 [] 1.7490,-5.2380 2.0120,-5.1190 2.6990,-4.7250 3.0570,-4.6330 3.4150,-4.5410
l 24 [73] 8.3890,-2.1870 8.9040,-2.5200 9.2370,-1.7970 9.4760,-1.0490 9.4980,-0.9310 8.6680,-0.7510
l 24 [74] 9.4980,-0.9310 9.6190,-0.2780 9.6670,0.5170 8.9220,0.5540 8.6680,-0.7510
l 24 [] 6.7680,0.1020 6.7690,-0.0120 8.2490,-0.1970 8.3580,0.5100 8.1910,0.4970 7.4730,0.3460
l 24 [] 6.7690,-0.0120 6.7700,-0.2260 6.7810,-0.5530 6.7880,-0.6570 8.1510,-0.8270 8.2490,-0.1970
l 24 [] 6.8020,-0.8800 6.8320,-1.2060 7.3530,-1.5300 7.8720,-1.8570 7.9800,-1.9260
l 25 [68] 6.5270,3.7910 7.0570,4.1450 7.1970,4.2600 7.2070,5.7460 6.9740,5.7970
l 25 [] 5.3040,4.7760 5.5990,4.5170 5.9020,4.2660 6.2110,4.0240 6.4000,3.8850 6.4140,5.9190 6.2650,5.9520 5.5570,6.1090 5.5040,5.7740 5.4440,5.4400 5.3780,5.1070
l 25 [] 7.5450,4.5470 7.9900,4.9950 8.3920,5.4900 7.6830,5.6430
l 26 [43] 7.4880,2.8390 7.7750,2.7510 8.0580,2.6560 8.3400,2.5530 8.6180,2.4420 8.8220,2.8540 9.0360,3.2610 9.2170,3.5890
l 26 [77] 6.5270,3.7910 6.7410,3.5260 6.9720,3.2790 7.2210,3.0500 7.3960,2.9120 8.2740,4.3030 7.7190,4.7230 7.5450,4.5470 7.0570,4.1450
l 26 [] 9.2580,3.6630 9.4900,4.0600 9.2470,4.4420 8.9830,4.8070 8.6980,5.1570 8.3920,5.4900 7.9900,4.9950
l 27 [64] 4.2880,6.0980 4.6050,6.1020 4.9220,6.1050 5.2400,6.1080 5.5570,6.1090 5.7850,6.4500 6.0100,6.7940 6.2310,7.1400 6.4490,7.4880 5.9570,7.7600 5.8040,7.8560 4.2180,6.2120
l 27 [65] 5.4810,8.0580 5.0210,8.3800 4.5780,8.7270 4.3150,8.4550 4.0660,8.1700 4.0000,8.0860 4.9520,7.4510
l 27 [] 3.8330,7.8730 3.6150,7.5640 3.7380,7.1770 3.8920,6.8040 4.0750,6.4440
l 28 [66] 7.6830,5.6430 8.3920,5.4900 8.3690,6.0110 8.3130,6.5280 8.2250,7.0400 8.1050,7.5480 7.6910,7.5280
l 28 [67] 5.5570,6.1090 6.2650,5.9520 6.2810,5.9490 6.4350,7.4660 6.2310,7.1400 6.0100,6.7940 5.7850,6.4500
l 28 [] 6.9740,5.7970 7.2360,5.7400 7.4170,7.5170 7.2770,7.5120 6.8630,7.4980 6.4490,7.4880
l 29 [18] -1.0450,9.0890 -0.3590,9.2310 -0.1390,9.3630 -0.2490,9.8580 -1.1850,9.6970
l 29 [19] -3.1070,8.6840 -2.4190,8.8150 -2.1810,8.8620 -2.5880,10.6940 -2.6980,10.6690 -3.1120,10.5960 -3.0420,10.1180 -3.0180,9.6400 -3.0400,9.1620
l 29 [] -1.7320,8.9500 -1.2730,9.0430 -1.6930,10.9350 -1.8840,10.8730 -2.2890,10.7620
l 29 [] 0.0810,9.4960 0.4850,9.6800 0.0870,11.4710 -0.1100,11.3950
l 29 [] 0.5430,9.7070 1.0250,9.8640 1.5290,9.9670 1.2340,10.3700 0.9370,10.7700 0.6370,11.1690 0.3350,11.5660
l 29 [] -0.2490,9.8580 -0.3320,10.2300 -1.2700,10.0700 -1.1850,9.6970
l 29 [] -0.5580,11.2460 -0.5620,11.2450 -1.0200,11.1140 -1.4840,11.0030
l 30 [56] -5.4140,9.8330 -5.4170,9.8130 -5.4410,8.8630 -4.8470,8.9500 -4.2610,8.9490
l 30 [] -3.1070,8.6840 -3.0400,9.1620 -3.0180,9.6400 -3.0420,10.1180 -3.0860,10.4200 -4.2110,10.1360 -4.0900,8.9230 -3.6800,8.8600
l 30 [] -3.1120,10.5960 -3.4850,11.1030 -3.6640,11.3280 -5.2380,10.9320 -5.2870,10.7420
l 30 [] -3.6640,11.3280 -3.8750,11.5950 -4.2830,12.0730 -4.7090,12.5370 -5.0510,11.6500 -5.2380,10.9320
l 31 [20] -1.4840,11.0030 -1.0200,11.1140 -0.5620,11.2450 -0.3780,11.3060 -0.2660,12.6960 -0.5950,12.6350 -0.9810,12.5480 -1.3630,12.4470
l 31 [69] -0.3780,11.3060 -0.1100,11.3950 0.3350,11.5660 0.2310,11.8660 0.1070,12.1560 -0.0390,12.4360 -0.2050,12.7070 -0.2660,12.6960
l 31 [70] -3.8250,12.9650 -4.2740,12.7690 -4.7090,12.5370 -4.2830,12.0730 -3.8750,11.5950
l 31 [] -3.1120,10.5960 -2.6980,10.6690 -2.2890,10.7620 -1.8840,10.8730 -1.8560,10.8820 -1.7440,12.2690 -3.5540,12.1050 -3.6210,11.2740 -3.4850,11.1030
l 31 [] -1.7390,12.3320 -1.7420,12.3310 -2.0670,12.5120 -2.3660,12.7250 -2.6380,12.9700 -2.8850,13.2480 -3.3620,13.1240 -3.4750,13.0850
l 32 [22] -7.5350,-0.8880 -7.3480,-1.1750 -7.1510,-1.4540 -6.9440,-1.7250 -6.7270,-1.9890 -6.4820,-1.7980 -6.2270,-1.6240
l 32 [] -7.3410,0.5600 -7.4080,0.2000 -7.4620,-0.1610 -7.5050,-0.5240 -7.5190,-0.6890 -7.3190,-0.7950 -6.7180,0.2600
l 32 [] -4.4440,0.2330 -4.8700,0.4940 -5.2530,0.8030 -5.2880,0.8390 -5.7740,-0.1520 -5.1000,-0.5100 -4.7840,-0.1330
l 32 [] -5.5920,1.1580 -5.8890,1.5600 -6.2880,1.3630 -6.6640,1.1310 -7.0140,0.8630 -7.2590,0.6360
l 32 [] -7.3190,-0.7950 -6.7430,-1.1010 -6.1290,-0.0230 -6.7180,0.2600
l 32 [] -6.0040,-1.4930 -5.9610,-1.4670 -5.6840,-1.3260 -5.4040,-0.9120 -5.1040,-0.5150
l 33 [23] -6.1180,-3.2860 -5.7640,-3.9070 -5.3760,-4.5110 -5.1480,-3.9960 -4.9070,-3.4870
l 33 [24] -6.5390,-1.8420 -6.7270,-1.9890 -6.4390,-2.6460 -6.3800,-2.7630 -5.6830,-3.0430 -5.4800,-2.1370
l 33 [] -5.6840,-1.3260 -5.9610,-1.4670 -6.2270,-1.6240 -6.4820,-1.7980 -6.5390,-1.8420 -5.4800,-2.1370 -5.3290,-1.4640
l 33 [] -4.4440,0.2330 -4.7840,-0.1330 -5.1040,-0.5150 -5.4040,-0.9120 -5.6260,-1.2400 -4.6240,-1.6420 -3.9350,-0.8720 -4.1900,-0.3500
l 33 [] -4.8510,-3.3760 -4.6520,-2.9850 -4.3840,-2.4900 -4.1040,-2.3880 -3.8280,-2.2770 -3.5560,-2.1560
l 33 [] -3.4590,-2.1090 -3.2880,-2.0260 -3.6120,-1.4790 -3.9120,-0.9200
l 34 [25] -9.3920,-2.9820 -8.9250,-3.2990 -8.7940,-3.4040 -8.0470,-2.4560
l 34 [] -8.9920,-1.6490 -9.2550,-2.0270 -9.5530,-2.3780 -9.8870,-2.7010 -9.4090,-2.9720 -8.6180,-1.9680
l 34 [] -6.7270,-1.9890 -6.9440,-1.7250 -7.1510,-1.4540 -7.3480,-1.1750 -7.4360,-1.0410 -8.1980,-2.0800 -7.2170,-2.8050 -7.0370,-2.5200
l 34 [] -8.4850,-3.6530 -8.0720,-4.0440 -7.7100,-3.5470 -7.3650,-3.0390
l 34 [] -7.5350,-0.8880 -7.8430,-0.9740 -8.1510,-1.0620 -8.4580,-1.1520 -8.7640,-1.2440 -8.9300,-1.5400
l 35 [28] -5.3760,-4.5110 -5.7640,-3.9070 -6.1180,-3.2860 -6.2580,-3.0070 -6.4450,-4.7160 -6.1480,-4.6620 -5.7620,-4.5880
l 35 [] -6.2700,-2.9830 -7.6940,-3.5240 -7.7100,-3.5470 -8.0720,-4.0440 -7.7750,-4.2180 -7.4840,-4.4010 -7.2000,-4.5950 -6.9230,-4.7990 -6.5350,-4.7320
l 35 [] -6.4390,-2.6460 -6.7270,-1.9890 -7.0370,-2.5200 -7.3650,-3.0390
l 36 [27] -5.0760,-3.8430 -5.1480,-3.9960 -5.3760,-4.5110 -4.8830,-4.6750 -4.4950,-4.7760 -4.2300,-4.1840
l 36 [] -4.6520,-2.9850 -4.9070,-3.4870 -5.0760,-3.8430 -4.2300,-4.1840 -3.9310,-3.5130
l 36 [] -3.2880,-2.0260 -3.5560,-2.1560 -3.8280,-2.2770 -4.1040,-2.3880 -4.3840,-2.4900 -4.5950,-2.8790 -3.5690,-3.5140 -2.9300,-2.8130 -3.0580,-2.5880
l 36 [] -4.3830,-4.8050 -3.8750,-4.9010 -3.3590,-4.9640 -3.0670,-4.6500 -2.7390,-4.3870
l 36 [] -2.4400,-4.2140 -2.3760,-4.1770 -1.9780,-4.0180 -2.4030,-3.5840 -2.7630,-3.1070
l 37 [30] -2.7630,-3.1070 -2.4030,-3.5840 -1.9780,-4.0180 -1.5610,-3.8310 -1.4710,-3.7750 -2.1060,-2.7060
l 37 [] -1.1800,-3.5930 -0.8370,-3.3040 -0.5300,-2.9650 -0.8280,-2.5320 -1.0680,-2.0730
l 37 [] -3.2880,-2.0260 -3.0580,-2.5880 -2.9480,-2.7810 -1.1070,-1.9690 -1.2500,-1.5870 -1.3730,-1.0760 -1.8130,-1.3910 -2.2790,-1.6550 -2.7710,-1.8660
l 38 [26] -11.8340,-5.2820 -11.8520,-5.3140 -11.5020,-5.7370 -10.1090,-5.0620
l 38 [72] -10.1880,-4.6280 -9.6180,-5.3160 -9.4780,-5.2600 -9.0900,-5.1480 -8.6890,-5.0740
l 38 [] -10.9650,-3.9000 -11.4350,-4.1840 -11.6050,-4.7480 -11.8180,-5.2440 -10.4600,-4.5850
l 38 [] -8.0720,-4.0440 -8.4850,-3.6530 -8.9250,-3.2990 -8.9250,-3.2990 -9.2490,-3.6400 -8.2310,-4.3770 -8.1980,-4.3180
l 38 [] -9.2490,-3.6400 -9.7190,-4.1340 -8.5940,-4.9490 -8.5060,-4.8330 -8.3430,-4.5820 -8.2310,-4.3770
l 38 [] -12.1220,-5.7860 -12.4700,-6.2610 -12.1010,-6.2950 -11.7440,-6.3750 -11.4020,-6.5000 -11.0720,-6.6700
l 38 [] -10.8710,-6.4970 -10.8070,-6.4420 -10.5750,-6.1870 -10.3780,-5.9050 -10.2150,-5.5960 -9.8530,-5.4090
l 38 [] -9.3920,-2.9820 -9.8870,-2.7010 -10.1910,-3.1590 -10.5500,-3.5590 -10.8620,-3.8150
l 39 [51] 4.9810,-5.0260 5.4120,-5.3500 5.8490,-5.6680 6.2490,-5.3870 6.3740,-5.2910 5.6380,-4.3230
l 39 [] 6.6370,-5.0900 7.0130,-4.7770 7.3760,-4.4490 6.8310,-4.0350 6.3460,-3.5660
l 39 [] 4.7770,-3.3630 4.4380,-3.8490 4.1310,-4.3600 4.5530,-4.6960 4.9600,-5.0100
l 39 [] 5.5540,-2.4650 5.1490,-2.9020 4.9510,-3.1480 5.9900,-3.9070 6.3290,-3.5450 5.9200,-3.0430
l 40 [52] 3.6080,-9.2210 4.0480,-9.2770 4.4800,-9.3670 4.9040,-9.4900 5.3200,-9.6460 5.4770,-9.3400 5.6680,-9.0600 5.8920,-8.8060 6.1510,-8.5790 6.0840,-8.1500
l 40 [53] 3.9490,-7.2550 3.8650,-7.7470 3.8640,-7.7530 4.3910,-8.5500 5.2730,-8.1700 4.4840,-6.9770
l 40 [54] 3.7730,-4.4500 3.4150,-4.5410 3.0570,-4.6330 2.6990,-4.7250 2.7070,-5.0420 2.6750,-5.3530 2.6040,-5.6570 2.4940,-5.9550 2.8860,-6.2490 3.2590,-6.5630 3.6130,-6.8990
l 40 [55] 4.1310,-4.3600 3.9700,-4.4010 3.6940,-6.9850 3.7090,-7.0000 5.8200,-6.0890 5.8310,-5.9820 5.8490,-5.6680 5.4120,-5.3500 4.9810,-5.0260 4.5530,-4.6960
l 40 [] 3.7810,-8.2380 3.6950,-8.7300 3.6720,-8.8610
l 40 [] 6.0140,-7.8490 5.9860,-7.7290 5.8560,-7.3170 5.6950,-6.9140 5.7540,-6.6050 5.7990,-6.2940
l 41 [49] 0.5550,-5.6960 -0.2160,-5.8780 0.1420,-6.2260 0.4940,-6.5800 0.8390,-6.9400 1.1780,-7.3060
l 41 [50] 1.2970,-5.4430 0.6510,-5.6630 1.4610,-7.0710 1.5430,-7.0030 1.8840,-6.6770 2.2010,-6.3280
l 41 [] 2.6990,-4.7250 2.0120,-5.1190 1.6170,-5.2980 2.2060,-6.3210 2.4940,-5.9550 2.6040,-5.6570 2.6750,-5.3530 2.7070,-5.0420
l 42 [37] 8.6180,2.4420 8.7850,1.9090 9.0160,1.4110 9.3100,0.9470 9.6670,0.5170 10.0240,1.0870 10.2560,1.4070 8.6910,2.5900
l 42 [38] 11.3130,2.6260 11.4730,3.0510 11.5470,3.3170 10.5020,4.1080 10.0580,4.0650 9.4900,4.0600 9.2580,3.6630
l 42 [] 11.5940,3.4840 11.6770,3.9270 11.7210,4.3780 11.1740,4.2240 10.6200,4.1200
l 42 [] 10.4170,1.6290 10.8470,2.1420 10.9850,2.2860 9.2310,3.6130 9.0360,3.2610 8.8220,2.8540
l 43 [84] 11.8830,-0.1890 11.9640,-0.1820 12.3660,-0.1380 12.7670,-0.0890 12.8000,0.3890 12.8640,0.8620
l 43 [85] 10.8470,2.1420 10.4170,1.6290 10.0240,1.0870 9.6670,0.5170 9.9330,0.4380 11.2370,0.8530
l 43 [] 11.4880,0.8410 12.9580,1.3200 12.9600,1.3300 13.0880,1.7920 12.6400,1.9920
l 43 [] 11.3130,2.6260 10.9480,2.2470 11.1440,1.7370 12.3440,2.1290 12.1950,2.1970 11.7530,2.4090
l 43 [] 10.0760,0.3960 10.4610,0.2270 10.8210,0.0120 11.1580,-0.2500 11.5610,-0.2190
l 44 [39] 9.4900,4.0600 9.9640,4.0640 10.2750,4.8250 10.1110,4.9520 9.3530,4.2760
l 44 [40] 10.0580,4.0650 10.6200,4.1200 11.1740,4.2240 11.7210,4.3780 11.3450,4.8750 11.0110,5.3970
l 44 [] 9.5350,5.3980 8.9360,4.8640 8.9830,4.8070 9.2470,4.4420
l 44 [] 8.9500,5.8510 8.8780,5.8120 8.3920,5.4900 8.6980,5.1570
l 44 [] 10.7260,5.9280 10.7180,5.9430 10.4670,6.5130 9.9160,6.3240 9.3860,6.0900
l 45 [78] 11.3130,2.6260 11.7530,2.4090 12.1950,2.1970 12.6160,2.0030 12.3420,3.0860
l 45 [] 12.6400,1.9920 13.0880,1.7920 13.3010,2.0360 13.5110,2.2830 13.7170,2.5330 13.9210,2.7850 13.7510,3.2130 13.5820,3.6410
l 45 [] 11.7210,4.3780 11.6770,3.9270 11.5940,3.4840 11.4730,3.0510 11.4400,2.9630 13.4480,3.9860 13.4150,4.0700 13.2490,4.4990 12.8640,4.5030 12.4810,4.4840 12.1000,4.4420
l 46 [41] 8.3920,5.4900 8.8780,5.8120 9.3860,6.0900 9.9160,6.3240 10.2230,6.4290 8.2280,7.0200 8.3130,6.5280 8.3690,6.0110
l 46 [42] 10.5170,7.2390 10.5180,7.6030 10.5030,7.9670 10.0770,8.1360 9.6880,8.3600 9.3370,8.6390 9.0240,8.9740 8.7730,8.6310 8.5370,8.2790 8.3140,7.9180
l 46 [] 10.4670,6.5130 10.5000,6.8760 10.5160,7.2090 8.2870,7.8700 8.1050,7.5480 8.2250,7.0400
l 47 [75] 7.7760,-3.9810 7.3760,-4.4490 7.7300,-4.8410 8.1150,-5.1960 8.5300,-5.5160 8.9750,-5.7990 9.3820,-5.2780
l 47 [76] 8.9040,-2.5200 8.5420,-3.0130 8.9970,-3.5020 9.4690,-2.8670 9.3620,-2.7950
l 47 [] 9.7130,-4.8660 9.7960,-4.7630 10.2170,-4.2530 10.6440,-3.7480 10.2320,-3.4090
l 47 [] 9.1110,-4.3490 9.9610,-3.2080 9.8040,-3.0910
l 47 [] 8.5400,-3.0160 8.1640,-3.5030 8.1490,-3.5220 8.6570,-3.9580
l 48 [79] 5.6470,-10.5870 5.7450,-11.0730 5.7990,-11.5710 6.2430,-11.3630 6.6970,-11.1850 7.1610,-11.0350 7.6360,-10.9140 7.6690,-10.5100 7.6590,-10.1090
l 48 [] 6.1510,-8.5790 5.8920,-8.8060 5.6680,-9.0600 5.4770,-9.3400 5.3200,-9.6460 5.5060,-10.1110 5.5300,-10.1910 6.7130,-9.9780 6.6100,-8.7820 6.5090,-8.7310
l 48 [] 7.6210,-9.8140 7.6080,-9.7110 7.5150,-9.3170 7.1910,-9.1000 6.8560,-8.9050
l 49 [57] -5.4410,8.8630 -5.4220,9.6110 -6.1500,9.9840 -6.6320,9.1250 -6.4040,9.0790 -5.9220,8.9740
l 49 [58] -5.2870,10.7420 -5.0510,11.6500 -5.0400,11.6790 -6.1820,11.9850 -6.3640,11.0550
l 49 [] -7.3850,10.8480 -7.3940,10.6530 -7.3980,9.9600 -7.3730,9.2670 -6.8880,9.1760
l 49 [] -5.4170,9.8130 -5.3490,10.3010 -5.8900,10.4470
l 49 [] -6.6660,12.1150 -7.2990,12.0360 -7.3610,11.3450
l 49 [] -4.7090,12.5370 -5.3480,12.3680 -5.9930,12.2290 -6.6430,12.1180
l 50 [81] -7.9410,7.5520 -7.6040,7.1730 -7.2900,6.7770 -7.0010,6.3630 -6.7350,5.9310 -6.5770,6.0740 -6.9090,7.7230
l 50 [82] -6.4110,6.2230 -6.0820,6.5090 -5.7460,6.7870 -5.4040,7.0580 -5.4620,7.5080 -5.4870,7.9590
l 50 [] -5.4410,8.8630 -5.9220,8.9740 -6.4040,9.0790 -6.8670,9.1720 -6.7490,7.9550 -5.4860,8.0470 -5.4800,8.4110
l 50 [] -6.8880,9.1760 -7.3730,9.2670 -7.4590,8.8200 -7.5820,8.3850 -7.7430,7.9620 -7.7820,7.8800
l 51 [59] -7.3730,9.2670 -7.3980,9.9600 -7.3940,10.6530 -7.3900,10.7320 -8.8740,9.9010 -8.6370,9.8190 -7.9990,9.5600
l 51 [60] -7.3610,11.3450 -7.2990,12.0360 -7.7860,12.1730 -8.2790,12.2410 -8.7750,12.2400 -9.2770,12.1710 -9.3030,12.1250 -8.3100,10.7050
l 51 [] -9.3030,12.1250 -9.5290,11.7170 -9.7260,11.2430 -9.8660,10.7500 -9.9510,10.2370 -9.2880,10.0450 -8.3100,10.7050
l 52 [61] -9.9510,10.2370 -9.8660,10.7500 -9.7260,11.2430 -9.5290,11.7170 -9.2770,12.1710 -9.2790,12.1760 -10.8990,11.0790 -10.4970,10.7370
l 52 [] -9.8420,13.2120 -10.0870,13.5250 -10.4630,13.5900 -10.8410,13.6200 -11.2190,13.6130 -11.5990,13.5710 -11.8190,13.2330 -11.9990,12.8770 -12.1380,12.5040 -12.2360,12.1130
l 52 [] -9.4370,12.5350 -9.6250,12.8820 -9.7930,13.1380 -11.7890,11.7850 -11.6390,11.6750 -11.0600,11.2160
l 53 [80] 9.3620,-6.1560 9.7070,-6.5480 10.0100,-6.9720 10.2700,-7.4310 10.5730,-7.3350 10.8800,-7.2580 11.1920,-7.1990 11.5070,-7.1580 11.5020,-6.5710
l 53 [] 10.9370,-5.2800 11.7130,-5.3490 11.8750,-4.8710 11.5770,-4.5790 11.2730,-4.2950 10.9630,-4.0190
l 53 [] 10.6440,-3.7480 10.2170,-4.2530 9.7960,-4.7630 9.4850,-5.1500 10.9370,-5.2800 10.9630,-4.0190 10.9620,-4.0180
l 53 [] 9.3820,-5.2780 8.9750,-5.7990 9.2260,-6.0300 11.5360,-6.2370 11.5610,-5.9940 11.6860,-5.4270
l 54 [83] -6.7350,5.9310 -7.0010,6.3630 -7.2900,6.7770 -7.6040,7.1730 -7.9410,7.5520 -7.9900,7.5370 -8.2810,5.1600 -8.2590,5.1690 -7.7430,5.4050 -7.2350,5.6590
l 54 [] -8.4390,7.3980 -8.9440,7.3190 -9.4540,7.3170 -9.6700,7.3480 -9.7790,6.4550 -8.5830,6.3760
l 54 [] -9.8620,5.7740 -9.6180,5.6450 -9.1810,5.3300 -8.7840,4.9510
l 54 [] -9.9710,7.3910 -10.0570,7.0280 -10.1920,6.6900 -10.3770,6.3750 -10.6100,6.0840 -10.0940,5.8960
H 86
h docs/PRD.md 0 1.4650,0.8010 1.8370,1.6070 1.3120,1.8490 0.9410,1.0420
h .gitattributes 1 -1.5100,1.4790 -1.2360,1.0730 -0.9670,1.2550 -1.2420,1.6600
h docs/verified/hook-ipc.md 4 1.2080,3.0450 1.4400,2.2670 1.9430,2.4170 1.7110,3.1950
h docs/DECISIONS.md 5 3.7810,-0.3220 3.9630,0.0200 3.8630,0.0740 3.6810,-0.2680
h .github/workflows/ci.yml 9 2.5840,2.6410 3.0900,2.8620 2.9200,3.2510 2.4140,3.0310
h docs/verified/hooks-schema.md 11 2.9000,2.1210 3.4780,1.8450 3.6590,2.2230 3.0810,2.4990
h .gitignore 13 0.1340,2.8110 0.7460,2.6160 0.8360,2.9000 0.2240,3.0940
h clippy.toml 14 0.3020,3.4930 1.0150,3.4870 1.0180,3.8710 0.3040,3.8770
h rust-toolchain.toml 18 -1.0210,-0.7280 -0.8110,-0.0640 -1.0390,0.0080 -1.2500,-0.6560
h rustfmt.toml 19 -0.0730,-0.2220 0.1670,-0.0340 0.0570,0.1070 -0.1830,-0.0810
h polis-render/Cargo.toml 21 0.2330,-2.7590 0.8080,-2.4830 0.6180,-2.0870 0.0420,-2.3630
h docs/verified/jsonl-schema.md 26 4.0970,3.4110 4.4720,2.8190 4.7070,2.9680 4.3310,3.5600
h docs/verified/otel-schema.md 29 4.1120,3.9050 4.8760,4.5180 4.4280,5.0770 3.6630,4.4640
h docs/verified/gpu-stack.md 32 6.1950,0.1450 6.5140,0.7900 6.0870,1.0010 5.7680,0.3560
h polis-layout/Cargo.toml 33 4.5790,0.2070 4.5620,1.1170 4.1830,1.1100 4.2000,0.2000
h polis-ingest/Cargo.toml 38 6.1140,1.4480 6.4840,1.6130 6.3990,1.8020 6.0300,1.6370
h Cargo.lock 41 -1.8110,1.8750 -1.3710,2.1330 -1.5630,2.4610 -2.0030,2.2030
h Cargo.toml 44 -1.1290,3.9910 -0.4980,3.6060 -0.1790,4.1290 -0.8100,4.5140
h README.md 46 -2.8870,1.2980 -2.1510,1.5280 -2.2620,1.8860 -2.9980,1.6560
h polis-hook/Cargo.toml 50 -3.5220,-1.0870 -3.1720,-1.5240 -2.8350,-1.2540 -3.1850,-0.8170
h docs/verified/otlp-receiver.md 54 1.8500,6.9310 2.0030,5.8050 2.5370,5.8770 2.3840,7.0040
h polis-app/Cargo.toml 56 -3.4230,4.5430 -3.3820,4.7980 -3.5220,4.8200 -3.5630,4.5660
h polis-app/src/bin/polis.rs 60 -0.6200,5.3570 -0.2380,6.1710 -0.7790,6.4240 -1.1610,5.6100
h polis-events/Cargo.toml 62 -4.6160,0.6480 -3.8720,0.8760 -4.0170,1.3490 -4.7610,1.1210
h polis-app/src/testutil.rs 64 -0.1310,7.7550 0.1490,7.0340 0.4730,7.1600 0.1930,7.8810
h polis-app/src/cli.rs 69 -1.2520,6.8840 -1.0220,6.7140 -0.8650,6.9250 -1.0950,7.0960
h polis-ingest/src/bus.rs 75 7.4480,-3.9480 7.7940,-3.4500 7.3800,-3.1620 7.0330,-3.6600
h polis-ingest/src/env.rs 76 6.5330,-3.4400 6.9660,-2.8600 6.5840,-2.5740 6.1500,-3.1540
h polis-ingest/src/lib.rs 84 -1.4260,-4.0820 -1.0270,-4.9230 -0.5940,-4.7180 -0.9940,-3.8770
h polis-ingest/src/transcript.rs 85 0.0720,-3.1510 0.1180,-3.7530 0.7200,-3.7070 0.6740,-3.1050
h polis-render/src/agents.rs 86 -0.4140,-3.6260 -0.3730,-3.2030 -0.5880,-3.1820 -0.6300,-3.6050
h polis-render/src/camera.rs 87 4.4700,-3.6180 4.9380,-2.8860 4.7230,-2.7490 4.2550,-3.4800
h polis-render/src/city.rs 88 1.1510,-2.6980 1.1910,-3.3870 1.7000,-3.3570 1.6600,-2.6680
h polis-render/src/density.rs 89 4.2070,-2.2280 4.4850,-2.0810 4.4410,-1.9990 4.1640,-2.1470
h polis-ingest/src/fswatch.rs 95 9.0660,-1.6600 9.2910,-0.9360 8.9030,-0.8150 8.6780,-1.5390
h polis-ingest/src/hook_listener.rs 96 9.3050,-0.8510 9.4110,-0.1570 8.9940,-0.0930 8.8880,-0.7880
h docs/city-m1.png 100 6.9750,4.2360 7.0690,4.8580 6.8860,4.8860 6.7920,4.2640
h polis-layout/src/terrain.rs 103 8.2350,2.7150 8.7590,2.9650 8.6470,3.1990 8.1230,2.9490
h polis-layout/src/city.rs 104 7.4600,3.4540 7.8010,3.9980 7.4050,4.2460 7.0640,3.7010
h tests/fixtures/transcripts/main-session-mixed.jsonl 106 5.1610,6.2420 6.0340,7.0550 5.6750,7.4400 4.8030,6.6270
h tests/fixtures/transcripts/main-session-with-subagent.jsonl 107 4.3960,7.9960 4.9190,7.7750 5.0860,8.1700 4.5630,8.3910
h tests/fixtures/transcripts/subagent-a96cf8a57447af436.jsonl 109 7.8860,6.3800 7.9250,5.7360 8.1460,5.7490 8.1060,6.3940
h tests/fixtures/transcripts/subagent-a96cf8a57447af436.meta.json 110 6.0400,6.1250 6.1220,6.4170 5.9810,6.4570 5.8990,6.1650
h polis-app/src/config.rs 112 -0.6300,9.3690 -0.2270,9.4380 -0.2740,9.7120 -0.6760,9.6440
h polis-app/src/lib.rs 113 -2.6930,9.5760 -2.6620,8.9450 -2.3560,8.9600 -2.3870,9.5910
h polis-world/Cargo.toml 119 -5.2400,9.2570 -4.9820,9.0480 -4.8570,9.2020 -5.1150,9.4110
h polis-app/src/ui.rs 123 -0.6780,11.3620 -0.5140,12.2590 -1.0740,12.3610 -1.2380,11.4640
h polis-app/src/commands.rs 124 -0.2390,12.0790 -0.2110,11.6180 0.0320,11.6320 0.0040,12.0940
h polis-app/src/format.rs 125 -4.2890,12.5380 -4.2380,12.1770 -3.9840,12.2130 -4.0360,12.5740
h polis-events/src/event.rs 128 -6.7570,-1.5660 -6.5480,-1.7020 -6.4940,-1.6190 -6.7030,-1.4830
h polis-events/src/ids.rs 134 -5.7320,-3.7350 -5.4200,-4.0230 -5.2020,-3.7870 -5.5140,-3.4990
h polis-events/src/kind.rs 135 -6.3640,-2.3510 -5.8680,-2.7800 -5.5630,-2.4280 -6.0590,-1.9990
h polis-events/src/lib.rs 140 -8.8690,-3.1860 -8.4800,-2.8990 -8.6190,-2.7090 -9.0090,-2.9960
h polis-events/src/wire.rs 145 -6.1820,-3.9690 -6.1330,-4.4200 -5.8370,-4.3880 -5.8860,-3.9370
h polis-events/src/tool.rs 148 -4.9480,-4.3740 -4.5250,-4.6320 -4.3000,-4.2630 -4.7240,-4.0050
h polis-hook/src/main.rs 153 -2.5180,-3.0800 -2.0830,-3.6090 -1.7680,-3.3490 -2.2040,-2.8210
h polis-events/src/path.rs 156 -11.6180,-5.5470 -11.1430,-5.4640 -11.1680,-5.3240 -11.6430,-5.4080
h polis-events/src/record.rs 157 -9.8270,-5.0360 -9.4720,-5.1410 -9.4380,-5.0250 -9.7920,-4.9190
h polis-repo/Cargo.toml 164 5.1700,-4.8960 5.7280,-5.3530 6.0760,-4.9280 5.5170,-4.4710
h polis-repo/src/corpus.rs 168 4.7920,-9.2760 5.5770,-8.9580 5.4420,-8.6260 4.6570,-8.9440
h polis-repo/src/git.rs 169 4.0210,-7.7420 4.5690,-8.2540 4.9510,-7.8440 4.4040,-7.3330
h polis-repo/src/imports.rs 170 2.8900,-5.0010 2.9550,-6.1170 3.5510,-6.0820 3.4860,-4.9660
h polis-repo/src/lib.rs 171 4.8630,-6.4740 5.3100,-5.4110 4.3200,-4.9950 3.8730,-6.0580
h polis-render/src/lib.rs 174 0.2000,-5.9500 0.4000,-6.2450 0.5100,-6.1700 0.3100,-5.8750
h polis-render/src/marks.rs 175 0.9770,-5.9140 1.3770,-6.7080 1.8720,-6.4590 1.4720,-5.6650
h polis-layout/src/blocks.rs 177 9.1020,1.7190 9.6580,1.0340 9.9740,1.2900 9.4180,1.9750
h polis-layout/src/buildings.rs 178 9.9320,3.5430 10.8470,3.0430 11.0560,3.4250 10.1410,3.9250
h tests/make-fixtures.sh 181 12.4220,0.0200 12.6720,0.2530 12.5740,0.3590 12.3240,0.1260
h tests/render-city.py 182 10.5650,0.7250 11.0890,1.2600 10.7800,1.5630 10.2560,1.0280
h polis-layout/src/determinism.rs 186 9.7980,4.1740 10.0800,4.4500 9.9300,4.6030 9.6480,4.3260
h polis-layout/src/lib.rs 187 10.8160,4.2670 11.2940,4.5790 11.0440,4.9600 10.5660,4.6470
h polis-layout/tests/m1_gate.rs 191 12.0580,2.5530 12.3670,2.3780 12.4720,2.5640 12.1620,2.7380
h polis-layout/src/lots.rs 194 8.5570,6.0540 9.1450,6.1050 9.1050,6.5610 8.5170,6.5090
h polis-layout/src/roads.rs 195 8.6930,8.1580 9.3630,7.9050 9.5020,8.2720 8.8320,8.5250
h polis-ingest/src/normalize.rs 197 7.7710,-4.7300 8.7160,-5.4210 8.9620,-5.0860 8.0170,-4.3940
h polis-ingest/src/otlp.rs 198 8.9430,-3.3810 9.2450,-3.1270 8.9910,-2.8250 8.6890,-3.0800
h polis-repo/src/tree.rs 202 5.9270,-11.1040 6.6450,-10.8130 6.5170,-10.5000 5.8000,-10.7910
h polis-world/src/attention.rs 205 -6.1690,9.3260 -5.7520,9.3910 -5.8150,9.7900 -6.2320,9.7250
h polis-world/src/contention.rs 206 -6.0310,10.9960 -5.3280,11.0710 -5.4000,11.7420 -6.1030,11.6660
h tests/golden/hamlet.snap 211 -7.5340,7.5210 -7.2690,6.9390 -6.9770,7.0720 -7.2420,7.6540
h tests/golden/town-in-use.snap 212 -5.8300,6.8630 -5.6020,7.2400 -5.7130,7.3070 -5.9410,6.9300
h polis-world/src/lib.rs 215 -8.0100,9.7140 -7.5930,9.9150 -7.7480,10.2350 -8.1640,10.0340
h polis-world/src/snapshot.rs 216 -8.8460,11.4980 -8.0520,11.1260 -7.7610,11.7460 -8.5550,12.1180
h polis-world/src/territory.rs 218 -10.2100,10.7290 -9.8750,11.1000 -10.1180,11.3190 -10.4520,10.9480
h polis-repo/tests/grammar_abi.rs 221 10.1040,-6.8390 10.8760,-7.1390 11.0320,-6.7390 10.2590,-6.4390
h tests/golden/town.snap 225 -7.4560,5.8270 -7.3640,6.6030 -7.8440,6.6600 -7.9360,5.8840
S 34
s 1 -3.2960,1.0290 -2.9650,1.1390 -2.6280,1.2240 -2.2860,1.2820 -1.9380,1.3150 -1.5630,1.7370 -1.1990,2.1670 -0.8450,2.6060 -0.5010,3.0540
s 5 -3.2960,1.0290 -3.6990,1.5160 -4.0440,2.0380 -4.3290,2.5940 -4.5550,3.1840 -4.4210,3.5230 -4.2670,3.8530 -4.0930,4.1720 -3.9000,4.4820 -3.5220,5.0070 -3.2050,5.5630 -2.9510,6.1500 -2.7580,6.7680 -2.7680,7.2610 -2.8290,7.7450 -2.9420,8.2190 -3.1070,8.6840 -2.4190,8.8150 -1.7320,8.9500 -1.0450,9.0890 -0.3590,9.2310
s 3 -6.7270,-1.9890 -6.9440,-1.7250 -7.1510,-1.4540 -7.3480,-1.1750 -7.5350,-0.8880 -7.5050,-0.5240 -7.4620,-0.1610 -7.4080,0.2000 -7.3410,0.5600 -7.0140,0.8630 -6.6640,1.1310 -6.2880,1.3630 -5.8890,1.5600 -5.6360,2.0320 -5.3290,2.4600 -4.9690,2.8440 -4.5550,3.1840 -4.4210,3.5230 -4.2670,3.8530 -4.0930,4.1720 -3.9000,4.4820 -3.5220,5.0070 -3.2050,5.5630 -2.9510,6.1500 -2.7580,6.7680 -2.7680,7.2610 -2.8290,7.7450 -2.9420,8.2190 -3.1070,8.6840 -2.4190,8.8150 -1.7320,8.9500 -1.0450,9.0890 -0.3590,9.2310
s 3 9.4900,4.0600 9.2470,4.4420 8.9830,4.8070 8.6980,5.1570 8.3920,5.4900 7.6830,5.6430 6.9740,5.7970 6.2650,5.9520 5.5570,6.1090 5.2400,6.1080 4.9220,6.1050 4.6050,6.1020 4.2880,6.0980 4.0750,6.4440 3.8920,6.8040 3.7380,7.1770 3.6150,7.5640 3.2640,7.4980 2.9130,7.4700 2.5600,7.4780 2.2060,7.5230 1.9810,8.1190 1.7930,8.7240 1.6430,9.3410 1.5290,9.9670 1.0250,9.8640 0.5430,9.7070 0.0810,9.4960 -0.3590,9.2310
s 1 -5.8890,1.5600 -5.6360,2.0320 -5.3290,2.4600 -4.9690,2.8440 -4.5550,3.1840 -4.4210,3.5230 -4.2670,3.8530 -4.0930,4.1720 -3.9000,4.4820 -3.5220,5.0070 -3.2050,5.5630 -2.9510,6.1500 -2.7580,6.7680 -2.7680,7.2610 -2.8290,7.7450 -2.9420,8.2190 -3.1070,8.6840 -2.4190,8.8150 -1.7320,8.9500 -1.0450,9.0890 -0.3590,9.2310
s 1 0.8090,-2.9270 1.0900,-2.4340 1.3970,-1.9600 1.7330,-1.5050 2.0950,-1.0690 1.7800,-0.7910 1.4650,-0.5130 1.1510,-0.2350 0.8360,0.0430 1.3080,0.4670 1.7400,0.9260 2.1320,1.4200 2.4840,1.9490 2.7790,2.3370 3.1010,2.6990 3.4490,3.0360 3.8240,3.3480 3.5010,3.7660 3.1800,4.1860 2.8620,4.6080 2.5470,5.0320 2.1980,5.3610 1.9070,5.7300 1.6740,6.1380 1.5000,6.5850 1.1430,6.5620 0.7930,6.5880 0.4500,6.6630 0.1140,6.7880 -0.1410,7.3720 -0.3050,7.9740 -0.3780,8.5940 -0.3590,9.2310
s 1 -9.2770,12.1710 -9.5290,11.7170 -9.7260,11.2430 -9.8660,10.7500 -9.9510,10.2370 -9.2880,10.0450 -8.6370,9.8190 -7.9990,9.5600 -7.3730,9.2670 -6.8880,9.1760 -6.4040,9.0790 -5.9220,8.9740 -5.4410,8.8630 -4.8470,8.9500 -4.2610,8.9490 -3.6800,8.8600 -3.1070,8.6840 -2.4190,8.8150 -1.7320,8.9500 -1.0450,9.0890 -0.3590,9.2310
s 1 -3.2960,1.0290 -3.6030,0.8580 -3.8960,0.6690 -4.1770,0.4600 -4.4440,0.2330 -4.8700,0.4940 -5.2530,0.8030 -5.5920,1.1580 -5.8890,1.5600
s 6 6.8320,-1.2060 6.8020,-0.8800 6.7810,-0.5530 6.7700,-0.2260 6.7680,0.1020 6.1170,-0.0340 5.4610,-0.1340 4.8010,-0.2000 4.1360,-0.2300 3.9390,-0.4720 3.7410,-0.7120 3.5390,-0.9500 3.3360,-1.1860 3.0300,-1.1140 2.7210,-1.0710 2.4090,-1.0560 2.0950,-1.0690 1.7800,-0.7910 1.4650,-0.5130 1.1510,-0.2350 0.8360,0.0430 0.1220,0.3150 -0.5790,0.6180 -1.2650,0.9510 -1.9380,1.3150 -2.2860,1.2820 -2.6280,1.2240 -2.9650,1.1390 -3.2960,1.0290 -3.6030,0.8580 -3.8960,0.6690 -4.1770,0.4600 -4.4440,0.2330 -4.7840,-0.1330 -5.1040,-0.5150 -5.4040,-0.9120 -5.6840,-1.3260 -5.9610,-1.4670 -6.2270,-1.6240 -6.4820,-1.7980 -6.7270,-1.9890
s 3 -3.2960,1.0290 -3.6030,0.8580 -3.8960,0.6690 -4.1770,0.4600 -4.4440,0.2330 -4.7840,-0.1330 -5.1040,-0.5150 -5.4040,-0.9120 -5.6840,-1.3260 -5.9610,-1.4670 -6.2270,-1.6240 -6.4820,-1.7980 -6.7270,-1.9890
s 2 -1.3730,-1.0760 -1.8130,-1.3910 -2.2790,-1.6550 -2.7710,-1.8660 -3.2880,-2.0260 -3.6120,-1.4790 -3.9120,-0.9200 -4.1900,-0.3500 -4.4440,0.2330 -4.7840,-0.1330 -5.1040,-0.5150 -5.4040,-0.9120 -5.6840,-1.3260 -5.9610,-1.4670 -6.2270,-1.6240 -6.4820,-1.7980 -6.7270,-1.9890
s 1 7.4880,2.8390 7.2210,3.0500 6.9720,3.2790 6.7410,3.5260 6.5270,3.7910 6.1430,3.3550 5.7280,2.9560 5.2790,2.5930 4.7990,2.2670 4.5710,1.9390 4.3480,1.6080 4.1310,1.2730 3.9190,0.9340 3.6070,1.2540 3.2640,1.5300 2.8900,1.7620 2.4840,1.9490 2.1320,1.4200 1.7400,0.9260 1.3080,0.4670 0.8360,0.0430 0.1220,0.3150 -0.5790,0.6180 -1.2650,0.9510 -1.9380,1.3150 -2.2860,1.2820 -2.6280,1.2240 -2.9650,1.1390 -3.2960,1.0290 -3.6030,0.8580 -3.8960,0.6690 -4.1770,0.4600 -4.4440,0.2330 -4.7840,-0.1330 -5.1040,-0.5150 -5.4040,-0.9120 -5.6840,-1.3260 -5.9610,-1.4670 -6.2270,-1.6240 -6.4820,-1.7980 -6.7270,-1.9890
s 1 0.8090,-2.9270 0.4760,-2.9960 0.1420,-3.0250 -0.1940,-3.0150 -0.5300,-2.9650 -0.8370,-3.3040 -1.1800,-3.5930 -1.5610,-3.8310 -1.9780,-4.0180 -2.3760,-4.1770 -2.7390,-4.3870 -3.0670,-4.6500 -3.3590,-4.9640 -3.8750,-4.9010 -4.3830,-4.8050 -4.8830,-4.6750 -5.3760,-4.5110 -5.7640,-3.9070 -6.1180,-3.2860 -6.4390,-2.6460 -6.7270,-1.9890
s 1 -9.2770,12.1710 -9.5290,11.7170 -9.7260,11.2430 -9.8660,10.7500 -9.9510,10.2370 -9.2880,10.0450 -8.6370,9.8190 -7.9990,9.5600 -7.3730,9.2670 -6.8880,9.1760 -6.4040,9.0790 -5.9220,8.9740 -5.4410,8.8630 -4.8470,8.9500 -4.2610,8.9490 -3.6800,8.8600 -3.1070,8.6840 -2.9420,8.2190 -2.8290,7.7450 -2.7680,7.2610 -2.7580,6.7680 -2.9510,6.1500 -3.2050,5.5630 -3.5220,5.0070 -3.9000,4.4820 -4.0930,4.1720 -4.2670,3.8530 -4.4210,3.5230 -4.5550,3.1840 -4.9690,2.8440 -5.3290,2.4600 -5.6360,2.0320 -5.8890,1.5600 -6.2880,1.3630 -6.6640,1.1310 -7.0140,0.8630 -7.3410,0.5600 -7.4080,0.2000 -7.4620,-0.1610 -7.5050,-0.5240 -7.5350,-0.8880 -7.3480,-1.1750 -7.1510,-1.4540 -6.9440,-1.7250 -6.7270,-1.9890
s 1 6.4490,7.4880 6.2310,7.1400 6.0100,6.7940 5.7850,6.4500 5.5570,6.1090 5.5040,5.7740 5.4440,5.4400 5.3780,5.1070 5.3040,4.7760 4.9430,4.4100 4.5760,4.0500 4.2030,3.6960 3.8240,3.3480 3.4490,3.0360 3.1010,2.6990 2.7790,2.3370 2.4840,1.9490 2.1320,1.4200 1.7400,0.9260 1.3080,0.4670 0.8360,0.0430 0.1220,0.3150 -0.5790,0.6180 -1.2650,0.9510 -1.9380,1.3150 -2.2860,1.2820 -2.6280,1.2240 -2.9650,1.1390 -3.2960,1.0290 -3.6030,0.8580 -3.8960,0.6690 -4.1770,0.4600 -4.4440,0.2330 -4.7840,-0.1330 -5.1040,-0.5150 -5.4040,-0.9120 -5.6840,-1.3260 -5.9610,-1.4670 -6.2270,-1.6240 -6.4820,-1.7980 -6.7270,-1.9890
s 7 9.4900,4.0600 9.2470,4.4420 8.9830,4.8070 8.6980,5.1570 8.3920,5.4900 7.9900,4.9950 7.5450,4.5470 7.0570,4.1450 6.5270,3.7910 6.1430,3.3550 5.7280,2.9560 5.2790,2.5930 4.7990,2.2670 4.5710,1.9390 4.3480,1.6080 4.1310,1.2730 3.9190,0.9340 3.6070,1.2540 3.2640,1.5300 2.8900,1.7620 2.4840,1.9490 2.1320,1.4200 1.7400,0.9260 1.3080,0.4670 0.8360,0.0430 0.1220,0.3150 -0.5790,0.6180 -1.2650,0.9510 -1.9380,1.3150 -2.2860,1.2820 -2.6280,1.2240 -2.9650,1.1390 -3.2960,1.0290
s 5 0.8090,-2.9270 1.0900,-2.4340 1.3970,-1.9600 1.7330,-1.5050 2.0950,-1.0690 1.7800,-0.7910 1.4650,-0.5130 1.1510,-0.2350 0.8360,0.0430 0.1220,0.3150 -0.5790,0.6180 -1.2650,0.9510 -1.9380,1.3150 -2.2860,1.2820 -2.6280,1.2240 -2.9650,1.1390 -3.2960,1.0290
s 4 6.4490,7.4880 6.2310,7.1400 6.0100,6.7940 5.7850,6.4500 5.5570,6.1090 5.5040,5.7740 5.4440,5.4400 5.3780,5.1070 5.3040,4.7760 4.9430,4.4100 4.5760,4.0500 4.2030,3.6960 3.8240,3.3480 3.4490,3.0360 3.1010,2.6990 2.7790,2.3370 2.4840,1.9490 2.1320,1.4200 1.7400,0.9260 1.3080,0.4670 0.8360,0.0430 0.1220,0.3150 -0.5790,0.6180 -1.2650,0.9510 -1.9380,1.3150 -2.2860,1.2820 -2.6280,1.2240 -2.9650,1.1390 -3.2960,1.0290
s 3 6.8320,-1.2060 6.8020,-0.8800 6.7810,-0.5530 6.7700,-0.2260 6.7680,0.1020 6.1170,-0.0340 5.4610,-0.1340 4.8010,-0.2000 4.1360,-0.2300 3.9390,-0.4720 3.7410,-0.7120 3.5390,-0.9500 3.3360,-1.1860 3.0300,-1.1140 2.7210,-1.0710 2.4090,-1.0560 2.0950,-1.0690 1.7800,-0.7910 1.4650,-0.5130 1.1510,-0.2350 0.8360,0.0430 0.1220,0.3150 -0.5790,0.6180 -1.2650,0.9510 -1.9380,1.3150 -2.2860,1.2820 -2.6280,1.2240 -2.9650,1.1390 -3.2960,1.0290
s 3 6.1510,-8.5790 6.0840,-8.1500 5.9860,-7.7290 5.8560,-7.3170 5.6950,-6.9140 5.7540,-6.6050 5.7990,-6.2940 5.8310,-5.9820 5.8490,-5.6680 6.2490,-5.3870 6.6370,-5.0900 7.0130,-4.7770 7.3760,-4.4490 6.8310,-4.0350 6.3460,-3.5660 5.9200,-3.0430 5.5540,-2.4650 4.9870,-2.1670 4.4280,-1.8540 3.8780,-1.5270 3.3360,-1.1860 3.0300,-1.1140 2.7210,-1.0710 2.4090,-1.0560 2.0950,-1.0690 1.7800,-0.7910 1.4650,-0.5130 1.1510,-0.2350 0.8360,0.0430 0.1220,0.3150 -0.5790,0.6180 -1.2650,0.9510 -1.9380,1.3150 -2.2860,1.2820 -2.6280,1.2240 -2.9650,1.1390 -3.2960,1.0290
s 1 7.4880,2.8390 7.2210,3.0500 6.9720,3.2790 6.7410,3.5260 6.5270,3.7910 6.1430,3.3550 5.7280,2.9560 5.2790,2.5930 4.7990,2.2670 4.5710,1.9390 4.3480,1.6080 4.1310,1.2730 3.9190,0.9340 3.6070,1.2540 3.2640,1.5300 2.8900,1.7620 2.4840,1.9490 2.1320,1.4200 1.7400,0.9260 1.3080,0.4670 0.8360,0.0430 0.1220,0.3150 -0.5790,0.6180 -1.2650,0.9510 -1.9380,1.3150 -2.2860,1.2820 -2.6280,1.2240 -2.9650,1.1390 -3.2960,1.0290
s 1 0.8090,-2.9270 1.0900,-2.4340 1.3970,-1.9600 1.7330,-1.5050 2.0950,-1.0690 1.7800,-0.7910 1.4650,-0.5130 1.1510,-0.2350 0.8360,0.0430 0.1220,0.3150 -0.5790,0.6180 -1.2650,0.9510 -1.9380,1.3150 -2.2860,1.2820 -2.6280,1.2240 -2.9650,1.1390 -3.2960,1.0290
s 1 5.5540,-2.4650 4.9870,-2.1670 4.4280,-1.8540 3.8780,-1.5270 3.3360,-1.1860 3.0300,-1.1140 2.7210,-1.0710 2.4090,-1.0560 2.0950,-1.0690 1.7800,-0.7910 1.4650,-0.5130 1.1510,-0.2350 0.8360,0.0430 0.1220,0.3150 -0.5790,0.6180 -1.2650,0.9510 -1.9380,1.3150 -2.2860,1.2820 -2.6280,1.2240 -2.9650,1.1390 -3.2960,1.0290
s 1 -3.1120,10.5960 -3.0420,10.1180 -3.0180,9.6400 -3.0400,9.1620 -3.1070,8.6840 -2.9420,8.2190 -2.8290,7.7450 -2.7680,7.2610 -2.7580,6.7680 -2.9510,6.1500 -3.2050,5.5630 -3.5220,5.0070 -3.9000,4.4820 -4.0930,4.1720 -4.2670,3.8530 -4.4210,3.5230 -4.5550,3.1840 -4.3290,2.5940 -4.0440,2.0380 -3.6990,1.5160 -3.2960,1.0290
s 2 0.8090,-2.9270 1.0900,-2.4340 1.3970,-1.9600 1.7330,-1.5050 2.0950,-1.0690 2.4090,-1.0560 2.7210,-1.0710 3.0300,-1.1140 3.3360,-1.1860 3.5390,-0.9500 3.7410,-0.7120 3.9390,-0.4720 4.1360,-0.2300 4.8010,-0.2000 5.4610,-0.1340 6.1170,-0.0340 6.7680,0.1020 6.7700,-0.2260 6.7810,-0.5530 6.8020,-0.8800 6.8320,-1.2060
s 1 -9.2770,12.1710 -9.5290,11.7170 -9.7260,11.2430 -9.8660,10.7500 -9.9510,10.2370 -9.2880,10.0450 -8.6370,9.8190 -7.9990,9.5600 -7.3730,9.2670 -6.8880,9.1760 -6.4040,9.0790 -5.9220,8.9740 -5.4410,8.8630 -4.8470,8.9500 -4.2610,8.9490 -3.6800,8.8600 -3.1070,8.6840 -2.9420,8.2190 -2.8290,7.7450 -2.7680,7.2610 -2.7580,6.7680 -2.4960,6.1950 -2.2190,5.6290 -1.9280,5.0710 -1.6220,4.5200 -1.3820,4.1230 -1.1150,3.7460 -0.8210,3.3900 -0.5010,3.0540 -0.1970,2.8440 0.1200,2.6550 0.4480,2.4880 0.7880,2.3430 1.1950,2.1710 1.6130,2.0480 2.0430,1.9740 2.4840,1.9490 2.8900,1.7620 3.2640,1.5300 3.6070,1.2540 3.9190,0.9340 3.9670,0.6420 4.0190,0.3500 4.0760,0.0600 4.1360,-0.2300 4.8010,-0.2000 5.4610,-0.1340 6.1170,-0.0340 6.7680,0.1020 6.7700,-0.2260 6.7810,-0.5530 6.8020,-0.8800 6.8320,-1.2060
s 2 0.8090,-2.9270 1.0900,-2.4340 1.3970,-1.9600 1.7330,-1.5050 2.0950,-1.0690 2.4090,-1.0560 2.7210,-1.0710 3.0300,-1.1140 3.3360,-1.1860 3.5390,-0.9500 3.7410,-0.7120 3.9390,-0.4720 4.1360,-0.2300 4.8010,-0.2000 5.4610,-0.1340 6.1170,-0.0340 6.7680,0.1020 7.4730,0.3460 8.1910,0.4970 8.9220,0.5540 9.6670,0.5170 9.3100,0.9470 9.0160,1.4110 8.7850,1.9090 8.6180,2.4420 8.8220,2.8540 9.0360,3.2610 9.2580,3.6630 9.4900,4.0600
s 8 6.1510,-8.5790 6.0840,-8.1500 5.9860,-7.7290 5.8560,-7.3170 5.6950,-6.9140 5.7540,-6.6050 5.7990,-6.2940 5.8310,-5.9820 5.8490,-5.6680 6.2490,-5.3870 6.6370,-5.0900 7.0130,-4.7770 7.3760,-4.4490 6.8310,-4.0350 6.3460,-3.5660 5.9200,-3.0430 5.5540,-2.4650 4.9870,-2.1670 4.4280,-1.8540 3.8780,-1.5270 3.3360,-1.1860 3.0300,-1.1140 2.7210,-1.0710 2.4090,-1.0560 2.0950,-1.0690 1.7330,-1.5050 1.3970,-1.9600 1.0900,-2.4340 0.8090,-2.9270
s 4 5.5540,-2.4650 4.9870,-2.1670 4.4280,-1.8540 3.8780,-1.5270 3.3360,-1.1860 3.0300,-1.1140 2.7210,-1.0710 2.4090,-1.0560 2.0950,-1.0690 1.7330,-1.5050 1.3970,-1.9600 1.0900,-2.4340 0.8090,-2.9270
s 4 6.4490,7.4880 6.2310,7.1400 6.0100,6.7940 5.7850,6.4500 5.5570,6.1090 5.5040,5.7740 5.4440,5.4400 5.3780,5.1070 5.3040,4.7760 4.9430,4.4100 4.5760,4.0500 4.2030,3.6960 3.8240,3.3480 3.4490,3.0360 3.1010,2.6990 2.7790,2.3370 2.4840,1.9490 2.1320,1.4200 1.7400,0.9260 1.3080,0.4670 0.8360,0.0430 1.1510,-0.2350 1.4650,-0.5130 1.7800,-0.7910 2.0950,-1.0690 1.7330,-1.5050 1.3970,-1.9600 1.0900,-2.4340 0.8090,-2.9270
s 3 -9.2770,12.1710 -9.5290,11.7170 -9.7260,11.2430 -9.8660,10.7500 -9.9510,10.2370 -9.2880,10.0450 -8.6370,9.8190 -7.9990,9.5600 -7.3730,9.2670 -6.8880,9.1760 -6.4040,9.0790 -5.9220,8.9740 -5.4410,8.8630 -4.8470,8.9500 -4.2610,8.9490 -3.6800,8.8600 -3.1070,8.6840 -2.9420,8.2190 -2.8290,7.7450 -2.7680,7.2610 -2.7580,6.7680 -2.4960,6.1950 -2.2190,5.6290 -1.9280,5.0710 -1.6220,4.5200 -1.3820,4.1230 -1.1150,3.7460 -0.8210,3.3900 -0.5010,3.0540 -0.8450,2.6060 -1.1990,2.1670 -1.5630,1.7370 -1.9380,1.3150 -1.2650,0.9510 -0.5790,0.6180 0.1220,0.3150 0.8360,0.0430 1.1510,-0.2350 1.4650,-0.5130 1.7800,-0.7910 2.0950,-1.0690 1.7330,-1.5050 1.3970,-1.9600 1.0900,-2.4340 0.8090,-2.9270
s 1 -3.1120,10.5960 -3.0420,10.1180 -3.0180,9.6400 -3.0400,9.1620 -3.1070,8.6840 -2.9420,8.2190 -2.8290,7.7450 -2.7680,7.2610 -2.7580,6.7680 -2.4960,6.1950 -2.2190,5.6290 -1.9280,5.0710 -1.6220,4.5200 -1.3820,4.1230 -1.1150,3.7460 -0.8210,3.3900 -0.5010,3.0540 -0.8450,2.6060 -1.1990,2.1670 -1.5630,1.7370 -1.9380,1.3150 -1.2650,0.9510 -0.5790,0.6180 0.1220,0.3150 0.8360,0.0430 1.1510,-0.2350 1.4650,-0.5130 1.7800,-0.7910 2.0950,-1.0690 1.7330,-1.5050 1.3970,-1.9600 1.0900,-2.4340 0.8090,-2.9270
s 1 6.4490,7.4880 6.2310,7.1400 6.0100,6.7940 5.7850,6.4500 5.5570,6.1090 5.5040,5.7740 5.4440,5.4400 5.3780,5.1070 5.3040,4.7760 4.9430,4.4100 4.5760,4.0500 4.2030,3.6960 3.8240,3.3480 4.0700,3.0800 4.3140,2.8100 4.5570,2.5390 4.7990,2.2670 4.5710,1.9390 4.3480,1.6080 4.1310,1.2730 3.9190,0.9340 3.9670,0.6420 4.0190,0.3500 4.0760,0.0600 4.1360,-0.2300 3.9390,-0.4720 3.7410,-0.7120 3.5390,-0.9500 3.3360,-1.1860 3.8780,-1.5270 4.4280,-1.8540 4.9870,-2.1670 5.5540,-2.4650
s 4 6.4490,7.4880 6.2310,7.1400 6.0100,6.7940 5.7850,6.4500 5.5570,6.1090 5.5040,5.7740 5.4440,5.4400 5.3780,5.1070 5.3040,4.7760 5.5990,4.5170 5.9020,4.2660 6.2110,4.0240 6.5270,3.7910 6.7410,3.5260 6.9720,3.2790 7.2210,3.0500 7.4880,2.8390 7.7750,2.7510 8.0580,2.6560 8.3400,2.5530 8.6180,2.4420 8.7850,1.9090 9.0160,1.4110 9.3100,0.9470 9.6670,0.5170 9.6190,-0.2780 9.4760,-1.0490 9.2370,-1.7970 8.9040,-2.5200 8.5400,-3.0160 8.1640,-3.5030 7.7760,-3.9810 7.3760,-4.4490 7.0130,-4.7770 6.6370,-5.0900 6.2490,-5.3870 5.8490,-5.6680 5.8310,-5.9820 5.7990,-6.2940 5.7540,-6.6050 5.6950,-6.9140 5.8560,-7.3170 5.9860,-7.7290 6.0840,-8.1500 6.1510,-8.5790
P 65
p 1.5020 1.5780 1 1
p 3.2840 1.7350 2 1
p -0.0110 1.6620 0 1
p 2.7620 3.5010 4 1
p 0.4460 3.3310 0 1
p -1.4820 2.9500 0 1
p -0.5310 4.4620 0 1
p -3.2420 2.5210 0 1
p 0.9200 5.1170 0 1
p 3.0020 0.4820 1 1
p 4.9380 0.8420 2 1
p 1.7220 2.8170 2 1
p 4.8380 3.6980 2 1
p 4.1310 4.8340 2 1
p 3.0750 6.4840 2 1
p -2.4590 5.2210 5 1
p -1.0780 5.8140 7 1
p -1.1090 8.1050 6 1
p -1.8300 10.0030 6 1
p -0.0760 10.5540 6 1
p -0.7410 11.7560 6 1
p -4.6800 1.5900 8 1
p -6.1610 -0.0620 9 1
p -4.3460 -1.1410 9 1
p -5.7210 -2.6770 9 1
p -7.8520 -2.4590 9 1
p -9.3300 -4.0310 9 1
p -4.1390 -3.8170 9 1
p -6.9140 -3.5500 9 1
p -2.8350 -0.3920 10 1
p -1.9110 -1.9420 11 1
p 6.3640 2.5530 12 1
p 5.2920 -0.9040 13 2
p 3.9820 -2.7580 13 2
p 7.5960 1.6840 14 1
p 9.8240 2.8480 15 2
p 10.0860 5.1680 15 2
p 9.3620 7.4140 15 2
p 8.2940 3.6730 15 2
p 0.3490 -1.4880 16 1
p 2.3170 -2.8510 17 2
p 0.4320 -4.3890 17 2
p 0.7460 -5.9950 17 2
p 5.7080 -4.0390 18 1
p 4.2420 -5.9650 19 2
p 4.4810 -8.4670 19 2
p -4.4910 10.2860 20 1
p -6.1340 10.5910 21 2
p -8.7000 10.7120 21 2
p -10.8460 12.1630 21 1
p -1.1560 -0.0790 0 2
p 4.7860 7.2700 24 2
p 7.3290 6.5500 24 2
p 6.4480 5.0380 1 1
p -2.8420 11.9830 6 2
p 0.9670 8.0700 6 1
p -11.5420 -5.5870 9 1
p 8.4010 -1.2320 13 2
p 9.0030 -3.8990 13 2
p 12.6950 3.2230 25 1
p 6.6700 -10.1700 19 1
p 10.5870 -5.8760 26 1
p -6.4210 7.4600 27 2
p -9.0790 6.5400 27 1
p 11.7350 1.1810 22 2
